10
15
m 0 14
1 9 0
2 9 0
3 9 0
w 6 1
w 6 3
w 6 4
w 6 6
w 6 7
w 6 10
w 6 13
w 3 11
w 7 3
w 7 4
w 7 6
w 7 7
w 7 10
w 7 12
w 7 13
w 1 1
w 1 2
w 1 3
w 1 4
w 1 6
w 8 1
w 8 3
w 8 4
w 8 6
w 8 7
w 8 8
w 8 10
w 8 12
w 8 13
w 5 3
w 5 4
w 5 7
w 5 8
w 5 10
p 3 2
p 3 3
p 3 4
p 3 5
p 7 2
p 7 5
p 3 9
p 7 9
p 7 14
p 8 5
p 5 6
p 0 0
p 0 1
p 8 2
p 0 4
p 0 5
p 4 4
p 4 6
p 0 8
p 0 9
p 0 10
p 4 7
p 4 9
p 0 13
p 4 10
p 4 12
p 4 13
p 8 9
p 8 11
p 8 14
p 9 0
p 9 1
p 9 2
p 5 1
p 5 2
p 9 5
p 1 5
p 9 7
p 9 8
p 9 9
p 9 10
p 9 11
p 9 12
p 9 13
p 9 14
p 1 8
p 1 13
p 5 11
p 5 12
p 2 0
p 2 2
p 2 3
p 2 5
p 2 6
p 2 7
p 2 8
p 6 9
p 2 9
p 6 11
p 2 12
p 2 13
p 6 14
t 300 0
m 0 13
1 8 0
2 9 1
3 8 0
t 299 1181
m 0 14
1 9 0
2 9 0
3 7 0
f 0 12
t 298 1181
m 0 14
1 8 0
2 9 1
3 8 0
t 297 1181
m 1 14
1 9 0
2 9 0
3 9 0
t 296 1181
m 0 14
1 9 1
2 9 1
3 9 1
t 295 1181
m 0 14
1 9 2
2 9 0
3 9 2
t 294 1181
m 0 13
1 9 1
2 9 1
3 9 3
t 293 1181
m 0 14
1 9 2
2 9 0
3 9 4
t 292 1181
m 1 14
1 9 3
2 9 1
3 9 3
t 291 1181
m 0 14
1 9 2
2 9 0
3 9 2
t 290 1181
m 0 14
1 9 3
2 9 1
3 9 1
t 289 1181
m 1 14
1 9 2
2 9 0
3 9 0
t 288 1181
m 1 13
1 9 3
2 9 1
3 9 1
t 287 1183
m 1 14
1 9 2
2 9 0
3 9 2
t 286 1183
m 2 14
1 9 1
2 9 1
3 8 2
t 285 1183
m 2 13
1 9 2
2 9 0
3 9 2
t 284 1184
m 2 12
1 9 3
2 9 1
3 9 3
t 283 1186
m 2 11
1 9 4
2 9 0
3 9 4
t 282 1186
m 2 12
1 9 3
2 9 1
3 9 5
t 281 1186
m 1 12
1 9 4
2 9 0
3 9 4
t 280 1186
m 2 12
1 9 5
2 9 1
3 9 5
t 279 1186
m 3 12
1 9 4
2 9 0
3 8 5
t 278 1186
m 3 13
1 9 5
2 9 1
3 9 5
t 277 1186
m 3 13
1 9 6
2 9 0
3 9 6
t 276 1186
m 3 13
1 9 7
2 9 1
3 9 7
t 275 1186
m 3 12
1 9 8
2 9 0
3 9 8
t 274 1186
m 3 12
1 9 9
2 9 1
3 9 7
t 273 1186
m 3 12
1 9 10
2 9 0
3 9 8
t 272 1186
m 2 12
1 9 11
2 9 1
3 9 7
t 271 1186
m 2 13
1 9 12
2 9 0
3 9 6
t 270 1186
m 1 13
1 9 11
2 9 1
3 9 5
t 269 1186
m 0 13
1 9 12
2 9 0
3 9 6
t 268 1186
m 1 13
1 9 11
2 9 1
3 9 5
t 267 1186
m 0 13
1 9 12
2 9 0
3 9 6
t 266 1186
m 1 13
1 9 11
2 9 1
3 9 5
t 265 1186
m 0 13
1 9 12
2 9 0
3 9 4
t 264 1186
m 0 14
1 9 11
2 9 1
3 9 5
t 263 1186
m 0 14
1 9 12
2 9 0
3 8 5
t 262 1186
m 0 13
1 9 11
2 9 1
3 9 5
t 261 1186
m 0 13
1 9 10
2 9 0
3 9 4
t 260 1186
m 1 13
1 9 11
2 9 1
3 9 3
t 259 1186
m 0 13
1 9 10
2 9 0
3 9 4
t 258 1186
m 0 12
1 9 11
2 9 1
3 9 3
t 257 1196
m 0 13
1 9 12
2 9 0
3 9 2
t 256 1196
m 1 13
1 9 13
2 9 1
3 9 3
t 255 1196
m 1 12
1 9 14
2 9 0
3 9 2
t 254 1196
m 0 12
1 9 13
2 9 1
3 9 3
t 253 1196
m 0 13
1 9 14
2 9 0
3 9 2
t 252 1196
m 0 14
1 9 13
2 9 1
3 9 3
t 251 1196
m 0 13
1 9 14
2 9 0
3 9 4
f 2 11
t 250 1196
m 0 12
1 9 13
2 9 1
3 9 3
t 249 1196
m 0 11
1 9 12
2 9 0
3 9 2
t 248 1196
m 0 10
1 9 13
2 9 1
3 9 3
t 247 1198
m 1 10
1 9 12
2 9 0
3 9 2
t 246 1198
m 2 10
1 9 13
2 9 1
3 9 1
t 245 1198
m 2 9
1 9 12
2 9 0
3 9 2
t 244 1199
m 2 10
1 9 13
2 9 1
3 9 3
t 243 1199
m 2 9
1 9 12
2 9 0
3 9 4
t 242 1199
m 3 9
1 9 13
2 9 1
3 9 3
t 241 1201
m 2 9
1 9 14
2 9 0
3 9 4
t 240 1201
m 2 9
1 9 13
2 9 1
3 9 3
t 239 1201
m 2 9
1 9 12
2 9 0
3 9 2
t 238 1201
m 2 10
1 9 13
2 9 1
3 9 3
t 237 1201
m 2 10
1 9 12
2 9 0
3 9 2
t 236 1201
m 2 11
1 9 11
2 9 1
3 9 1
t 235 1211
m 1 11
1 9 10
2 9 0
3 9 2
t 234 1211
m 2 11
1 9 9
2 9 1
3 9 3
f 9 3
t 233 1211
m 1 11
1 9 10
2 9 0
3 9 4
t 232 1211
m 1 10
1 9 11
2 9 1
3 9 3
t 231 1211
m 1 11
1 9 12
2 9 0
3 9 4
t 230 1211
m 1 10
1 9 13
2 9 1
3 9 3
t 229 1211
m 0 10
1 9 12
2 9 0
3 9 2
t 228 1211
m 0 11
1 9 13
2 9 1
3 9 3
t 227 1211
m 1 11
1 9 12
2 9 0
3 9 2
t 226 1211
m 0 11
1 9 11
2 9 1
3 9 1
t 225 1211
m 0 10
1 9 10
2 9 0
3 9 2
t 224 1211
m 0 9
1 9 11
2 9 1
3 9 1
t 223 1212
m 0 8
1 9 12
2 9 0
3 9 0
t 222 1214
m 0 7
1 9 13
2 9 1
3 9 1
t 221 1214
m 0 7
1 9 12
2 9 0
3 9 0
t 220 1214
m 1 7
1 9 13
2 9 1
3 8 0
t 219 1214
m 2 7
1 9 14
2 9 0
3 9 0
t 218 1216
m 3 7
1 9 13
2 9 1
3 8 0
t 217 1216
m 4 7
1 9 14
2 9 0
3 9 0
t 216 1217
m 3 7
1 9 13
2 9 1
3 9 1
t 215 1217
m 4 7
1 9 14
2 9 0
3 9 2
t 214 1217
m 3 7
1 9 13
2 9 1
3 8 2
t 213 1217
m 3 7
1 9 14
2 9 0
3 9 2
t 212 1217
m 3 8
1 9 13
2 9 1
3 9 1
t 211 1217
m 3 7
1 9 14
2 9 0
3 9 0
t 210 1217
m 3 6
1 9 13
2 9 1
3 8 0
t 209 1217
m 2 6
1 9 14
2 9 0
3 7 0
t 208 1219
m 2 7
1 9 13
2 9 1
3 8 0
t 207 1219
m 2 6
1 9 14
2 9 0
3 9 0
t 206 1219
m 2 5
1 9 13
2 9 1
3 8 0
t 205 1220
m 2 4
1 9 14
2 9 0
3 9 0
t 204 1220
m 3 4
1 9 13
2 9 1
3 8 0
t 203 1222
m 4 4
1 9 14
2 9 0
3 9 0
t 202 1224
m 4 5
1 9 13
2 9 1
3 8 0
t 201 1224
m 5 5
1 9 14
2 9 0
3 9 0
t 200 1224
m 5 6
1 9 13
2 9 1
3 9 1
t 199 1225
m 4 6
1 9 12
2 9 0
3 9 2
t 198 1227
m 4 5
1 9 13
2 9 1
3 9 1
t 197 1227
m 5 5
1 9 14
2 9 0
3 9 0
t 196 1227
m 4 5
1 9 13
2 9 1
3 8 0
t 195 1227
m 4 5
1 9 14
2 9 0
3 9 0
t 194 1227
m 5 5
1 9 13
2 9 1
3 9 1
t 193 1227
m 6 5
1 9 14
2 9 0
3 9 0
t 192 1227
m 7 5
1 9 13
2 9 1
3 9 1
t 191 1229
m 7 5
1 9 12
2 9 0
3 9 0
t 190 1229
m 8 5
1 9 13
2 9 1
3 9 1
t 189 1230
m 9 5
1 9 12
2 9 0
3 9 2
t 188 1232
m 9 4
1 9 11
2 8 0
3 9 1
t 187 1232
m 9 3
1 9 12
2 7 0
3 9 0
t 186 1242
m 9 3
1 9 13
2 6 0
3 8 0
t 185 1242
m 9 4
1 9 12
2 5 0
3 7 0
t 184 1242
m 9 4
1 9 13
2 4 0
3 6 0
t 183 1242
m 9 5
1 9 14
2 3 0
3 5 0
t 182 1242
m 9 4
1 8 14
2 2 0
3 5 1
t 181 1242
m 9 5
1 7 14
2 1 0
3 4 1
t 180 1242
m 9 5
1 8 14
2 0 0
3 4 2
t 179 1242
m 8 5
1 9 14
2 0 1
3 3 2
t 178 1242
m 9 5
1 8 14
2 0 0
3 2 2
t 177 1242
m 9 4
1 7 14
2 0 1
3 3 2
t 176 1242
m 9 3
1 6 14
2 0 0
3 3 3
t 175 1242
m 9 3
1 7 14
2 0 1
3 3 2
t 174 1242
m 9 3
1 8 14
2 0 0
3 2 2
t 173 1242
m 9 2
1 7 14
2 0 1
3 2 3
t 172 1243
m 9 1
1 6 14
2 0 2
3 2 4
t 171 1245
m 9 1
1 5 14
2 0 3
3 2 5
t 170 1245
m 9 0
1 6 14
2 0 4
3 3 5
t 169 1247
m 8 0
1 7 14
2 0 5
3 3 6
t 168 1247
m 9 0
1 6 14
2 0 6
3 3 5
t 167 1247
m 9 0
1 5 14
2 0 7
3 4 5
t 166 1247
m 8 0
1 4 14
2 0 8
3 5 5
t 165 1247
m 7 0
1 5 14
2 0 9
3 4 5
t 164 1247
m 7 1
1 5 13
2 0 10
3 4 4
t 163 1247
m 7 0
1 5 12
2 0 11
3 4 5
t 162 1247
m 7 1
1 5 13
2 0 12
3 4 6
t 161 1247
m 7 0
1 4 13
2 0 13
3 4 7
t 160 1247
m 7 0
1 5 13
2 0 14
3 3 7
t 159 1247
m 7 0
1 5 14
2 0 13
3 3 8
t 158 1247
m 6 0
1 4 14
2 0 14
3 3 7
t 157 1247
m 5 0
1 3 14
2 0 13
3 4 7
t 156 1247
m 5 1
1 4 14
2 0 14
3 4 8
t 155 1248
m 5 0
1 3 14
2 0 13
3 3 8
t 154 1248
m 5 0
1 3 13
2 0 14
3 2 8
t 153 1248
m 6 0
1 2 13
2 0 13
3 3 8
t 152 1248
m 7 0
1 3 13
2 0 14
3 2 8
t 151 1248
m 7 0
1 3 14
2 0 13
3 1 8
t 150 1248
m 6 0
1 3 13
2 0 14
3 1 9
t 149 1248
m 5 0
1 3 14
2 0 13
3 0 9
t 148 1248
m 5 1
1 3 13
2 0 14
3 0 10
t 147 1248
m 5 1
1 3 12
2 0 13
3 1 10
t 146 1248
m 5 0
1 4 12
2 0 14
3 0 10
t 145 1248
m 5 0
1 4 13
2 0 13
3 0 11
t 144 1248
m 5 1
1 4 14
2 0 14
3 0 10
t 143 1248
m 4 1
1 3 14
2 0 13
3 0 11
t 142 1248
m 3 1
1 4 14
2 0 14
3 0 12
t 141 1248
m 3 1
1 3 14
2 0 13
3 0 11
t 140 1248
m 3 0
1 3 13
2 0 14
3 0 10
t 139 1248
m 3 0
1 4 13
2 0 13
3 1 10
t 138 1248
m 3 1
1 4 14
2 0 14
3 1 11
t 137 1248
m 3 1
1 3 14
2 0 13
3 1 12
t 136 1248
m 3 0
1 4 14
2 0 14
3 1 13
t 135 1248
m 2 0
1 3 14
2 0 13
3 0 13
t 134 1250
m 3 0
1 3 13
2 0 14
3 0 12
t 133 1250
m 3 0
1 2 13
2 0 13
3 0 11
t 132 1250
m 2 0
1 2 14
2 0 14
3 0 12
t 131 1250
m 1 0
1 2 13
2 0 13
3 0 11
t 130 1250
m 2 0
1 3 13
2 0 14
3 0 12
t 129 1250
m 2 0
1 3 12
2 0 13
3 0 13
t 128 1250
m 1 0
1 3 13
2 0 14
3 0 14
t 127 1250
m 1 0
1 3 14
2 0 13
3 0 13
t 126 1250
m 2 0
1 3 13
2 0 14
3 0 14
t 125 1250
m 2 0
1 3 14
2 0 13
3 0 13
t 124 1250
m 3 0
1 3 13
2 0 14
3 0 14
t 123 1250
m 2 0
1 3 14
2 0 13
3 0 13
t 122 1250
m 3 0
1 3 13
2 0 14
3 1 13
t 121 1250
m 2 0
1 4 13
2 0 13
3 0 13
t 120 1250
m 3 0
1 3 13
2 0 14
3 0 14
t 119 1250
m 2 0
1 3 14
2 0 13
3 0 13
t 118 1250
m 2 1
1 3 13
2 0 14
3 0 14
t 117 1250
m 3 1
1 3 14
2 0 13
3 0 13
t 116 1250
m 3 1
1 3 13
2 0 14
3 0 12
t 115 1250
m 2 1
1 4 13
2 0 13
3 0 13
t 114 1250
m 3 1
1 3 13
2 0 14
3 1 13
t 113 1250
m 4 1
1 4 13
2 0 13
3 0 13
t 112 1250
m 5 1
1 5 13
2 0 14
3 0 12
t 111 1250
m 5 2
1 5 14
2 0 13
3 0 13
t 110 1251
m 4 2
1 5 13
2 0 14
3 0 14
t 109 1251
m 5 2
1 5 14
2 0 13
3 1 14
t 108 1251
m 5 1
1 6 14
2 0 14
3 2 14
t 107 1251
m 5 1
1 5 14
2 0 13
3 1 14
t 106 1251
m 4 1
1 6 14
2 0 14
3 2 14
t 105 1251
m 4 2
1 7 14
2 0 13
3 2 13
t 104 1251
m 4 2
1 6 14
2 0 14
3 2 12
t 103 1251
m 5 2
1 5 14
2 0 13
3 3 12
t 102 1251
m 4 2
1 4 14
2 0 14
3 2 12
t 101 1251
m 4 2
1 3 14
2 0 13
3 3 12
t 100 1251
m 4 2
1 3 13
2 0 14
3 2 12
t 99 1251
m 4 1
1 3 12
2 0 13
3 1 12
t 98 1251
m 4 2
1 2 12
2 0 14
3 0 12
t 97 1251
m 4 1
1 3 12
2 0 13
3 0 13
t 96 1251
m 3 1
1 3 13
2 0 14
3 0 12
t 95 1251
m 2 1
1 3 12
2 0 13
3 1 12
t 94 1251
m 2 0
1 3 13
2 0 14
3 2 12
t 93 1251
m 2 0
1 4 13
2 0 13
3 2 13
t 92 1251
m 2 0
1 5 13
2 0 14
3 2 12
t 91 1251
m 2 0
1 5 12
2 0 13
3 2 11
t 90 1251
m 2 1
1 5 13
2 0 14
3 2 10
t 89 1251
m 2 2
1 4 13
2 0 13
3 1 10
f 5 5
t 88 1253
m 2 3
1 4 12
2 0 14
3 2 10
t 87 1255
m 2 3
1 4 13
2 0 13
3 1 10
t 86 1255
m 2 4
1 4 14
2 0 14
3 0 10
t 85 1255
m 3 4
1 3 14
2 0 13
3 0 11
t 84 1255
m 3 4
1 3 13
2 0 14
3 0 10
t 83 1255
m 3 5
1 3 14
2 0 13
3 0 9
t 82 1256
m 2 5
1 4 14
2 0 14
3 0 10
t 81 1256
m 2 6
1 5 14
2 0 13
3 0 11
t 80 1256
m 2 5
1 6 14
2 0 14
3 0 10
t 79 1256
m 3 5
1 7 14
2 0 13
3 0 11
t 78 1256
m 2 5
1 8 14
2 0 14
3 0 12
t 77 1256
m 2 4
1 7 14
2 0 13
3 1 12
t 76 1256
m 2 4
1 6 14
2 0 14
3 1 11
t 75 1256
m 3 4
1 7 14
2 0 13
3 2 11
t 74 1256
m 4 4
1 8 14
2 0 14
3 2 12
t 73 1256
m 4 4
1 9 14
2 0 13
3 2 13
t 72 1256
m 4 4
1 9 13
2 0 14
3 2 12
t 71 1256
m 4 4
1 9 12
2 0 13
3 1 12
t 70 1256
m 4 4
1 9 13
2 0 14
3 0 12
t 69 1256
m 3 4
1 9 12
2 0 13
3 0 11
t 68 1256
m 4 4
1 9 11
2 0 14
3 0 12
t 67 1256
m 3 4
1 9 10
2 0 13
3 0 13
t 66 1256
m 4 4
1 9 11
2 0 14
3 1 13
t 65 1256
m 4 4
1 9 10
2 0 13
3 0 13
t 64 1256
m 4 4
1 9 11
2 0 14
3 0 14
t 63 1256
m 3 4
1 9 12
2 0 13
3 0 13
t 62 1256
m 4 4
1 9 13
2 0 14
3 1 13
t 61 1256
m 4 4
1 9 12
2 0 13
3 0 13
t 60 1256
m 4 3
1 9 13
2 0 14
3 1 13
t 59 1256
m 3 3
1 9 12
2 0 13
3 0 13
t 58 1258
m 3 3
1 9 13
2 0 14
3 1 13
t 57 1258
m 4 3
1 9 12
2 0 13
3 1 14
t 56 1258
m 4 4
1 9 13
2 0 14
3 0 14
t 55 1258
m 3 4
1 9 14
2 0 13
3 1 14
t 54 1258
m 4 4
1 8 14
2 0 14
3 2 14
t 53 1258
m 4 5
1 7 14
2 0 13
3 1 14
t 52 1258
m 4 6
1 8 14
2 0 14
3 0 14
t 51 1258
m 4 6
1 7 14
2 0 13
3 0 13
t 50 1258
m 4 5
1 8 14
2 0 14
3 0 14
t 49 1258
m 4 6
1 7 14
2 0 13
3 0 13
t 48 1258
m 5 6
1 8 14
2 0 14
3 0 14
t 47 1258
m 5 5
1 7 14
2 0 13
3 1 14
t 46 1268
m 4 5
1 8 14
2 0 14
3 1 13
t 45 1268
m 4 4
1 9 14
2 0 13
3 1 12
t 44 1268
m 3 4
1 8 14
2 0 14
3 1 11
t 43 1268
m 4 4
1 9 14
2 0 13
3 1 10
t 42 1268
m 4 5
1 9 13
2 0 14
3 0 10
t 41 1268
m 5 5
1 9 14
2 0 13
3 0 9
t 40 1268
m 4 5
1 9 13
2 0 14
3 0 10
t 39 1268
m 3 5
1 9 14
2 0 13
3 1 10
t 38 1268
m 2 5
1 8 14
2 0 14
3 0 10
t 37 1268
m 2 5
1 9 14
2 0 13
3 0 11
t 36 1268
m 2 5
1 8 14
2 0 14
3 0 12
t 35 1268
m 2 6
1 9 14
2 0 13
3 0 11
t 34 1268
m 2 5
1 9 13
2 0 14
3 1 11
t 33 1268
m 2 5
1 9 14
2 0 13
3 1 12
t 32 1268
m 3 5
1 9 13
2 0 14
3 1 11
t 31 1268
m 3 5
1 9 14
2 0 13
3 0 11
t 30 1268
m 4 5
1 8 14
2 0 14
3 0 12
t 29 1268
m 4 6
1 9 14
2 0 13
3 0 13
t 28 1268
m 4 5
1 9 13
2 0 14
3 1 13
f 3 0
t 27 1268
m 5 5
1 9 14
2 0 13
3 0 13
t 26 1268
m 5 5
1 9 13
2 0 14
3 0 12
t 25 1268
m 5 5
1 9 14
2 0 13
3 1 12
t 24 1268
m 5 5
1 9 13
2 0 14
3 2 12
t 23 1268
m 4 5
1 9 14
2 0 13
3 2 13
t 22 1268
m 3 5
1 9 13
2 0 14
3 2 14
t 21 1268
m 3 5
1 9 14
2 0 13
3 3 14
t 20 1268
m 4 5
1 9 13
2 0 14
3 2 14
t 19 1268
m 4 4
1 9 14
2 0 13
3 3 14
t 18 1268
m 3 4
1 9 13
2 0 14
3 4 14
t 17 1268
m 3 5
1 9 14
2 0 13
3 4 13
t 16 1268
m 3 5
1 9 13
2 0 14
3 4 14
t 15 1268
m 2 5
1 9 14
2 0 13
3 4 13
t 14 1268
m 3 5
1 9 13
2 0 14
3 4 14
t 13 1268
m 2 5
1 9 14
2 0 13
3 3 14
t 12 1268
m 2 5
1 9 13
2 0 14
3 2 14
t 11 1268
m 3 5
1 9 14
2 0 13
3 2 13
t 10 1268
m 3 4
1 9 13
2 0 14
3 2 14
t 9 1268
m 3 3
1 9 14
2 0 13
3 3 14
t 8 1268
m 3 2
1 8 14
2 0 14
3 2 14
t 7 1270
m 3 2
1 9 14
2 0 13
3 2 13
t 6 1270
m 2 2
1 9 13
2 0 14
3 3 13
t 5 1270
m 2 3
1 9 14
2 0 13
3 3 12
t 4 1270
m 2 2
1 8 14
2 0 14
3 2 12
t 3 1270
m 3 2
1 7 14
2 0 13
3 2 11
t 2 1270
m 3 2
1 8 14
2 0 14
3 1 11
t 1 1270
m 3 1
1 7 14
2 0 13
3 2 11
t 0 1270
