10
15
m 0 14
1 9 0
2 9 0
3 9 0
w 6 2
w 6 3
w 6 7
w 6 8
w 6 10
w 3 2
w 3 6
w 3 7
w 3 8
w 3 10
w 7 1
w 7 2
w 7 3
w 4 2
w 4 6
w 4 7
w 4 8
w 4 10
w 8 1
w 8 2
w 8 3
w 8 5
w 8 6
w 8 7
w 8 8
w 8 10
w 8 11
w 8 12
w 8 13
w 5 7
w 5 8
w 5 10
w 2 2
w 2 6
w 2 7
w 2 8
w 2 10
p 7 0
p 3 5
p 7 6
p 7 8
p 3 9
p 7 10
p 3 11
p 7 11
p 5 2
p 3 14
p 7 14
p 5 3
p 5 5
p 5 6
p 4 0
p 0 1
p 0 2
p 4 1
p 4 3
p 0 5
p 0 11
p 0 12
p 0 13
p 4 13
p 9 0
p 9 1
p 9 2
p 9 3
p 9 4
p 9 5
p 9 6
p 1 0
p 9 8
p 9 9
p 1 1
p 1 7
p 9 12
p 9 13
p 1 8
p 1 13
p 1 14
p 5 9
p 5 14
p 2 1
p 2 3
p 6 5
p 6 6
p 2 9
p 2 12
p 2 13
p 2 14
t 300 0
m 0 14
1 9 1
2 9 1
3 9 1
t 299 0
m 0 14
1 9 0
2 9 0
3 9 0
t 298 0
m 0 13
1 9 1
2 9 1
3 9 1
f 0 8
t 297 1
m 0 12
1 9 0
2 9 0
3 9 0
t 296 3
m 0 11
1 9 1
2 9 1
3 9 1
t 295 5
m 0 10
1 9 0
2 9 0
3 9 0
t 294 5
m 0 9
1 9 1
2 9 1
3 9 1
t 293 5
m 0 8
1 9 0
2 9 0
3 9 0
t 292 15
m 0 8
1 9 1
2 9 1
3 9 1
t 291 15
m 0 8
1 9 0
2 9 0
3 9 0
t 290 15
m 0 8
1 9 1
2 9 1
3 9 1
t 289 15
m 0 8
1 9 0
2 9 0
3 9 0
t 288 15
m 0 8
1 9 1
2 9 1
3 9 1
t 287 15
m 0 8
1 9 0
2 9 0
3 9 0
t 286 15
m 0 8
1 9 1
2 9 1
3 9 1
t 285 15
m 0 8
1 9 0
2 9 0
3 9 0
t 284 15
m 0 8
1 9 1
2 9 1
3 9 1
t 283 15
m 0 8
1 9 0
2 9 0
3 9 0
t 282 15
m 0 8
1 9 1
2 9 1
3 9 1
t 281 15
m 0 8
1 9 0
2 9 0
3 9 0
t 280 15
m 0 8
1 9 1
2 9 1
3 9 1
t 279 15
m 0 8
1 9 0
2 9 0
3 9 0
t 278 15
m 0 8
1 9 1
2 9 1
3 9 1
t 277 15
m 0 8
1 9 0
2 9 0
3 9 0
t 276 15
m 0 8
1 9 1
2 9 1
3 9 1
t 275 15
m 0 8
1 9 0
2 9 0
3 9 0
t 274 15
m 0 8
1 9 1
2 9 1
3 9 1
t 273 15
m 0 8
1 9 0
2 9 0
3 9 0
t 272 15
m 0 8
1 9 1
2 9 1
3 9 1
t 271 15
m 0 8
1 9 0
2 9 0
3 9 0
t 270 15
m 0 7
1 9 1
2 9 1
3 9 1
f 0 0
t 269 15
m 0 6
1 9 0
2 9 0
3 9 0
t 268 15
m 0 5
1 9 1
2 9 1
3 9 1
t 267 17
m 0 4
1 9 0
2 9 0
3 9 0
t 266 17
m 0 3
1 9 1
2 9 1
3 9 1
t 265 17
m 0 2
1 9 0
2 9 0
3 9 0
t 264 19
m 0 1
1 9 1
2 9 1
3 9 1
t 263 21
m 0 0
1 9 2
2 9 2
3 9 2
t 262 31
m 0 0
1 9 3
2 9 3
3 9 3
t 261 31
m 0 0
1 9 4
2 9 4
3 9 4
t 260 31
m 0 0
1 9 5
2 9 5
3 9 5
t 259 31
m 0 0
1 9 6
2 9 6
3 9 6
t 258 31
m 0 1
1 9 7
2 9 7
3 9 7
f 0 9
t 257 31
m 0 2
1 9 8
2 9 8
3 9 8
t 256 31
m 0 3
1 9 9
2 9 9
3 9 9
t 255 31
m 0 4
1 9 10
2 9 10
3 9 10
t 254 31
m 0 5
1 9 11
2 9 11
3 9 11
t 253 31
m 0 6
1 9 12
2 9 12
3 9 12
t 252 31
m 0 7
1 9 13
2 9 13
3 9 13
t 251 31
m 0 8
1 9 14
2 9 14
3 9 14
t 250 31
m 0 9
1 9 13
2 9 13
3 9 13
t 249 41
m 0 9
1 9 14
2 9 14
3 9 14
t 248 41
m 0 9
1 9 13
2 9 13
3 9 13
t 247 41
m 0 9
1 9 14
2 9 14
3 9 14
t 246 41
m 0 9
1 9 13
2 9 13
3 9 13
t 245 41
m 0 9
1 9 14
2 9 14
3 9 14
t 244 41
m 0 9
1 9 13
2 9 13
3 9 13
t 243 41
m 0 9
1 9 14
2 9 14
3 9 14
t 242 41
m 0 9
1 9 13
2 9 13
3 9 13
t 241 41
m 0 9
1 9 14
2 9 14
3 9 14
t 240 41
m 0 9
1 9 13
2 9 13
3 9 13
t 239 41
m 0 9
1 9 14
2 9 14
3 9 14
t 238 41
m 0 9
1 9 13
2 9 13
3 9 13
t 237 41
m 0 9
1 9 14
2 9 14
3 9 14
t 236 41
m 0 8
1 9 13
2 9 13
3 9 13
f 0 1
t 235 41
m 0 7
1 9 14
2 9 14
3 9 14
t 234 41
m 0 6
1 9 13
2 9 13
3 9 13
t 233 41
m 0 5
1 9 14
2 9 14
3 9 14
t 232 41
m 0 4
1 9 13
2 9 13
3 9 13
t 231 41
m 0 3
1 9 14
2 9 14
3 9 14
t 230 41
m 0 2
1 9 13
2 9 13
3 9 13
t 229 41
m 0 1
1 9 14
2 9 14
3 9 14
t 228 51
m 0 1
1 9 13
2 9 13
3 9 13
t 227 51
m 0 1
1 9 14
2 9 14
3 9 14
t 226 51
m 0 1
1 9 13
2 9 13
3 9 13
t 225 51
m 0 1
1 9 14
2 9 14
3 9 14
t 224 51
m 0 1
1 9 13
2 9 13
3 9 13
t 223 51
m 0 1
1 9 14
2 9 14
3 9 14
t 222 51
m 0 1
1 9 13
2 9 13
3 9 13
t 221 51
m 0 1
1 9 14
2 9 14
3 9 14
t 220 51
m 0 1
1 9 13
2 9 13
3 9 13
t 219 51
m 0 1
1 9 14
2 9 14
3 9 14
t 218 51
m 0 1
1 9 13
2 9 13
3 9 13
t 217 51
m 0 1
1 9 14
2 9 14
3 9 14
t 216 51
m 0 1
1 9 13
2 9 13
3 9 13
t 215 51
m 0 1
1 9 14
2 9 14
3 9 14
t 214 51
m 0 1
1 9 13
2 9 13
3 9 13
t 213 51
m 0 1
1 9 14
2 9 14
3 9 14
t 212 51
m 0 1
1 9 13
2 9 13
3 9 13
t 211 51
m 0 1
1 9 14
2 9 14
3 9 14
t 210 51
m 0 1
1 9 13
2 9 13
3 9 13
t 209 51
m 0 1
1 9 14
2 9 14
3 9 14
t 208 51
m 0 1
1 9 13
2 9 13
3 9 13
t 207 51
m 0 1
1 9 14
2 9 14
3 9 14
t 206 51
m 0 1
1 9 13
2 9 13
3 9 13
t 205 51
m 0 1
1 9 14
2 9 14
3 9 14
t 204 51
m 0 1
1 9 13
2 9 13
3 9 13
t 203 51
m 0 1
1 9 14
2 9 14
3 9 14
t 202 51
m 0 1
1 9 13
2 9 13
3 9 13
t 201 51
m 0 1
1 9 14
2 9 14
3 9 14
t 200 51
m 0 1
1 9 13
2 9 13
3 9 13
t 199 51
m 0 1
1 9 14
2 9 14
3 9 14
t 198 51
m 0 1
1 9 13
2 9 13
3 9 13
t 197 51
m 0 1
1 9 14
2 9 14
3 9 14
t 196 51
m 0 1
1 9 13
2 9 13
3 9 13
t 195 51
m 0 1
1 9 14
2 9 14
3 9 14
t 194 51
m 0 1
1 9 13
2 9 13
3 9 13
t 193 51
m 0 1
1 9 14
2 9 14
3 9 14
t 192 51
m 0 1
1 9 13
2 9 13
3 9 13
t 191 51
m 0 1
1 9 14
2 9 14
3 9 14
t 190 51
m 0 1
1 9 13
2 9 13
3 9 13
t 189 51
m 0 1
1 9 14
2 9 14
3 9 14
t 188 51
m 0 1
1 9 13
2 9 13
3 9 13
t 187 51
m 0 2
1 9 14
2 9 14
3 9 14
f 7 12
t 186 51
m 0 3
1 9 13
2 9 13
3 9 13
t 185 51
m 0 4
1 9 14
2 9 14
3 9 14
t 184 51
m 0 5
1 9 13
2 9 13
3 9 13
t 183 51
m 0 6
1 9 14
2 9 14
3 9 14
t 182 51
m 0 7
1 9 13
2 9 13
3 9 13
t 181 51
m 0 8
1 9 14
2 9 14
3 9 14
t 180 51
m 0 9
1 9 13
2 9 13
3 9 13
t 179 51
m 0 10
1 9 14
2 9 14
3 9 14
t 178 51
m 0 11
1 9 13
2 9 13
3 9 13
t 177 51
m 0 12
1 9 14
2 9 14
3 9 14
t 176 51
m 1 12
1 9 13
2 9 13
3 9 13
t 175 51
m 2 12
1 9 14
2 9 14
3 9 14
t 174 53
m 3 12
1 9 13
2 9 13
3 9 13
t 173 53
m 4 12
1 9 14
2 9 14
3 9 14
t 172 53
m 5 12
1 9 13
2 9 13
3 9 13
t 171 53
m 6 12
1 9 14
2 9 14
3 9 14
t 170 53
m 7 12
1 9 13
2 9 13
3 9 13
t 169 63
m 7 12
1 9 14
2 9 14
3 9 14
t 168 63
m 7 12
1 9 13
2 9 13
3 9 13
t 167 63
m 7 12
1 9 14
2 9 14
3 9 14
t 166 63
m 7 12
1 9 13
2 9 13
3 9 13
t 165 63
m 7 12
1 9 14
2 9 14
3 9 14
t 164 63
m 7 12
1 9 13
2 9 13
3 9 13
t 163 63
m 7 12
1 9 14
2 9 14
3 9 14
t 162 63
m 7 12
1 9 13
2 9 13
3 9 13
t 161 63
m 7 12
1 9 14
2 9 14
3 9 14
t 160 63
m 7 12
1 9 13
2 9 13
3 9 13
t 159 63
m 7 12
1 9 14
2 9 14
3 9 14
t 158 63
m 7 12
1 9 13
2 9 13
3 9 13
t 157 63
m 7 12
1 9 14
2 9 14
3 9 14
t 156 63
m 7 12
1 9 13
2 9 13
3 9 13
t 155 63
m 7 12
1 9 14
2 9 14
3 9 14
t 154 63
m 7 12
1 9 13
2 9 13
3 9 13
t 153 63
m 6 12
1 9 14
2 9 14
3 9 14
f 0 9
t 152 63
m 5 12
1 9 13
2 9 13
3 9 13
t 151 63
m 5 11
1 9 14
2 9 14
3 9 14
t 150 63
m 4 11
1 9 13
2 9 13
3 9 13
t 149 63
m 3 11
1 9 14
2 9 14
3 9 14
t 148 65
m 2 11
1 9 13
2 9 13
3 9 13
t 147 65
m 1 11
1 9 14
2 9 14
3 9 14
t 146 65
m 0 11
1 9 13
2 9 13
3 9 13
t 145 65
m 0 10
1 9 14
2 9 14
3 9 14
t 144 65
m 0 9
1 9 13
2 9 13
3 9 13
t 143 75
m 0 9
1 9 14
2 9 14
3 9 14
t 142 75
m 0 9
1 9 13
2 9 13
3 9 13
t 141 75
m 0 9
1 9 14
2 9 14
3 9 14
t 140 75
m 0 9
1 9 13
2 9 13
3 9 13
t 139 75
m 0 9
1 9 14
2 9 14
3 9 14
t 138 75
m 0 9
1 9 13
2 9 13
3 9 13
t 137 75
m 0 9
1 9 14
2 9 14
3 9 14
t 136 75
m 0 9
1 9 13
2 9 13
3 9 13
t 135 75
m 0 9
1 9 14
2 9 14
3 9 14
t 134 75
m 0 9
1 9 13
2 9 13
3 9 13
t 133 75
m 0 9
1 9 14
2 9 14
3 9 14
t 132 75
m 0 9
1 9 13
2 9 13
3 9 13
t 131 75
m 0 9
1 9 14
2 9 14
3 9 14
t 130 75
m 0 9
1 9 13
2 9 13
3 9 13
t 129 75
m 0 9
1 9 14
2 9 14
3 9 14
t 128 75
m 0 10
1 9 13
2 9 13
3 9 13
f 5 11
t 127 75
m 0 11
1 9 14
2 9 14
3 9 14
t 126 75
m 1 11
1 9 13
2 9 13
3 9 13
t 125 75
m 2 11
1 9 14
2 9 14
3 9 14
t 124 75
m 3 11
1 9 13
2 9 13
3 9 13
t 123 75
m 4 11
1 9 14
2 9 14
3 9 14
t 122 75
m 5 11
1 9 13
2 9 13
3 9 13
t 121 85
m 5 11
1 9 14
2 9 14
3 9 14
t 120 85
m 5 11
1 9 13
2 9 13
3 9 13
t 119 85
m 5 11
1 9 14
2 9 14
3 9 14
t 118 85
m 5 11
1 9 13
2 9 13
3 9 13
t 117 85
m 5 11
1 9 14
2 9 14
3 9 14
t 116 85
m 5 11
1 9 13
2 9 13
3 9 13
t 115 85
m 5 11
1 9 14
2 9 14
3 9 14
t 114 85
m 5 11
1 9 13
2 9 13
3 9 13
t 113 85
m 5 11
1 9 14
2 9 14
3 9 14
t 112 85
m 5 11
1 9 13
2 9 13
3 9 13
t 111 85
m 5 11
1 9 14
2 9 14
3 9 14
t 110 85
m 5 11
1 9 13
2 9 13
3 9 13
t 109 85
m 5 11
1 9 14
2 9 14
3 9 14
t 108 85
m 5 11
1 9 13
2 9 13
3 9 13
t 107 85
m 5 11
1 9 14
2 9 14
3 9 14
t 106 85
m 5 11
1 9 13
2 9 13
3 9 13
t 105 85
m 5 11
1 9 14
2 9 14
3 9 14
t 104 85
m 5 11
1 9 13
2 9 13
3 9 13
t 103 85
m 5 11
1 9 14
2 9 14
3 9 14
t 102 85
m 5 11
1 9 13
2 9 13
3 9 13
t 101 85
m 5 11
1 9 14
2 9 14
3 9 14
t 100 85
m 4 11
1 9 13
2 9 13
3 9 13
f 1 6
t 99 85
m 3 11
1 9 14
2 9 14
3 9 14
t 98 85
m 2 11
1 9 13
2 9 13
3 9 13
t 97 85
m 1 11
1 9 14
2 9 14
3 9 14
t 96 85
m 1 10
1 9 13
2 9 13
3 9 13
t 95 85
m 1 9
1 9 14
2 9 14
3 9 14
t 94 85
m 1 8
1 9 13
2 9 13
3 9 13
t 93 87
m 1 7
1 9 14
2 9 14
3 9 14
t 92 89
m 1 6
1 9 13
2 9 13
3 9 13
t 91 99
m 1 6
1 9 14
2 9 14
3 9 14
t 90 99
m 1 6
1 9 13
2 9 13
3 9 13
t 89 99
m 1 6
1 9 14
2 9 14
3 9 14
t 88 99
m 1 6
1 9 13
2 9 13
3 9 13
t 87 99
m 0 6
1 9 14
2 9 14
3 9 14
f 0 13
t 86 99
m 0 7
1 9 13
2 9 13
3 9 13
t 85 99
m 0 8
1 9 14
2 9 14
3 9 14
t 84 99
m 0 9
1 9 13
2 9 13
3 9 13
t 83 99
m 0 10
1 9 14
2 9 14
3 9 14
t 82 99
m 0 11
1 9 13
2 9 13
3 9 13
t 81 99
m 0 12
1 9 14
2 9 14
3 9 14
t 80 99
m 0 13
1 9 13
2 9 13
3 9 13
t 79 109
m 0 13
1 9 14
2 9 14
3 9 14
t 78 109
m 0 13
1 9 13
2 9 13
3 9 13
t 77 109
m 0 12
1 9 14
2 9 14
3 9 14
f 1 4
t 76 109
m 0 11
1 9 13
2 9 13
3 9 13
t 75 109
m 0 10
1 9 14
2 9 14
3 9 14
t 74 109
m 0 9
1 9 13
2 9 13
3 9 13
t 73 109
m 0 8
1 9 14
2 9 14
3 9 14
t 72 109
m 0 7
1 9 13
2 9 13
3 9 13
t 71 109
m 0 6
1 9 14
2 9 14
3 9 14
t 70 109
m 0 5
1 9 13
2 9 13
3 9 13
t 69 109
m 0 4
1 9 14
2 9 14
3 9 14
t 68 109
m 1 4
1 9 13
2 9 13
3 9 13
t 67 119
m 1 4
1 9 14
2 9 14
3 9 14
t 66 119
m 1 4
1 9 13
2 9 13
3 9 13
t 65 119
m 1 4
1 9 14
2 9 14
3 9 14
t 64 119
m 1 4
1 9 13
2 9 13
3 9 13
t 63 119
m 1 4
1 9 14
2 9 14
3 9 14
t 62 119
m 1 5
1 9 13
2 9 13
3 9 13
f 1 6
t 61 119
m 1 6
1 9 14
2 9 14
3 9 14
t 60 129
m 1 6
1 9 13
2 9 13
3 9 13
t 59 129
m 1 6
1 9 14
2 9 14
3 9 14
t 58 129
m 1 6
1 9 13
2 9 13
3 9 13
t 57 129
m 1 6
1 9 14
2 9 14
3 9 14
t 56 129
m 1 6
1 9 13
2 9 13
3 9 13
t 55 129
m 1 6
1 9 14
2 9 14
3 9 14
t 54 129
m 1 6
1 9 13
2 9 13
3 9 13
t 53 129
m 1 6
1 9 14
2 9 14
3 9 14
t 52 129
m 1 6
1 9 13
2 9 13
3 9 13
t 51 129
m 1 6
1 9 14
2 9 14
3 9 14
t 50 129
m 1 6
1 9 13
2 9 13
3 9 13
t 49 129
m 1 6
1 9 14
2 9 14
3 9 14
t 48 129
m 1 6
1 9 13
2 9 13
3 9 13
t 47 129
m 1 6
1 9 14
2 9 14
3 9 14
t 46 129
m 1 6
1 9 13
2 9 13
3 9 13
t 45 129
m 1 6
1 9 14
2 9 14
3 9 14
t 44 129
m 1 6
1 9 13
2 9 13
3 9 13
t 43 129
m 1 6
1 9 14
2 9 14
3 9 14
t 42 129
m 1 7
1 9 13
2 9 13
3 9 13
f 1 12
t 41 129
m 1 8
1 9 14
2 9 14
3 9 14
t 40 129
m 1 9
1 9 13
2 9 13
3 9 13
t 39 129
m 1 10
1 9 14
2 9 14
3 9 14
t 38 129
m 1 11
1 9 13
2 9 13
3 9 13
t 37 129
m 1 12
1 9 14
2 9 14
3 9 14
t 36 139
m 1 12
1 9 13
2 9 13
3 9 13
t 35 139
m 1 12
1 9 14
2 9 14
3 9 14
t 34 139
m 1 11
1 9 13
2 9 13
3 9 13
f 6 1
t 33 139
m 1 10
1 9 14
2 9 14
3 9 14
t 32 139
m 1 9
1 9 13
2 9 13
3 9 13
t 31 139
m 1 8
1 9 14
2 9 14
3 9 14
t 30 139
m 1 7
1 9 13
2 9 13
3 9 13
t 29 139
m 1 6
1 9 14
2 9 14
3 9 14
t 28 139
m 1 5
1 9 13
2 9 13
3 9 13
t 27 139
m 1 4
1 9 14
2 9 14
3 9 14
t 26 139
m 1 3
1 9 13
2 9 13
3 9 13
t 25 139
m 1 2
1 9 14
2 9 14
3 9 14
t 24 139
m 1 1
1 9 13
2 9 13
3 9 13
t 23 141
m 2 1
1 9 14
2 9 14
3 9 14
t 22 143
m 3 1
1 9 13
2 9 13
3 9 13
t 21 143
m 4 1
1 9 14
2 9 14
3 9 14
t 20 145
m 5 1
1 9 13
2 9 13
3 9 13
t 19 145
m 6 1
1 9 14
2 9 14
3 9 14
t 18 155
m 6 1
1 9 13
2 9 13
3 9 13
t 17 155
m 6 1
1 9 14
2 9 14
3 9 14
t 16 155
m 6 1
1 9 13
2 9 13
3 9 13
t 15 155
m 6 1
1 9 14
2 9 14
3 9 14
t 14 155
m 6 1
1 9 13
2 9 13
3 9 13
t 13 155
m 6 1
1 9 14
2 9 14
3 9 14
t 12 155
m 6 1
1 9 13
2 9 13
3 9 13
t 11 155
m 6 1
1 9 14
2 9 14
3 9 14
t 10 155
m 6 1
1 9 13
2 9 13
3 9 13
t 9 155
m 6 1
1 9 14
2 9 14
3 9 14
t 8 155
m 6 1
1 9 13
2 9 13
3 9 13
t 7 155
m 6 0
1 9 14
2 9 14
3 9 14
f 3 0
t 6 155
m 5 0
1 9 13
2 9 13
3 9 13
t 5 155
m 4 0
1 9 14
2 9 14
3 9 14
t 4 157
m 3 0
1 9 13
2 9 13
3 9 13
t 3 167
m 3 0
1 9 14
2 9 14
3 9 14
t 2 167
m 3 0
1 9 13
2 9 13
3 9 13
t 1 167
m 3 0
1 9 14
2 9 14
3 9 14
t 0 167
