10
15
m 0 14
1 9 0
2 9 0
3 9 0
w 6 3
w 6 4
w 6 5
w 6 6
w 6 7
w 6 10
w 6 11
w 6 12
w 6 13
w 3 0
w 3 9
w 3 10
w 7 3
w 7 4
w 4 0
w 1 1
w 1 3
w 1 4
w 1 5
w 1 6
w 1 7
w 1 9
w 1 10
w 8 0
w 8 1
w 8 11
w 5 0
w 5 5
w 5 6
w 5 7
w 5 10
w 5 11
w 5 12
w 5 13
w 2 9
w 2 10
p 3 2
p 3 3
p 3 4
p 7 6
p 7 7
p 3 8
p 7 8
p 7 10
p 3 11
p 7 12
p 3 13
p 3 14
p 7 13
p 0 1
p 4 2
p 0 3
p 4 4
p 8 3
p 8 6
p 4 7
p 0 9
p 4 9
p 4 10
p 0 12
p 0 13
p 8 9
p 8 10
p 8 14
p 1 0
p 5 3
p 5 4
p 9 5
p 9 7
p 1 8
p 9 9
p 9 10
p 9 11
p 9 12
p 1 11
p 9 14
p 1 13
p 5 8
p 5 9
p 2 1
p 6 2
p 2 7
p 6 8
p 6 9
p 2 11
t 300 0
m 0 13
1 9 1
2 9 1
3 9 1
t 299 2
m 0 12
1 9 0
2 9 0
3 9 0
t 298 4
m 0 13
1 9 1
2 9 1
3 9 1
t 297 4
m 1 13
1 9 0
2 9 0
3 9 0
t 296 6
m 1 12
1 9 1
2 9 1
3 9 1
t 295 6
m 1 11
1 9 0
2 9 0
3 9 0
t 294 8
m 2 11
1 9 1
2 9 1
3 9 1
t 293 10
m 3 11
1 9 0
2 9 0
3 9 0
t 292 12
m 3 12
1 9 1
2 9 1
3 9 1
t 291 12
m 3 13
1 9 0
2 9 0
3 9 0
t 290 14
m 3 14
1 9 1
2 9 1
3 9 1
t 289 16
m 3 14
1 9 0
2 9 0
3 9 0
t 288 16
m 3 14
1 9 1
2 9 1
3 9 1
t 287 16
m 3 14
1 9 0
2 9 0
3 9 0
t 286 16
m 3 14
1 9 1
2 9 1
3 9 1
t 285 16
m 3 14
1 9 0
2 9 0
3 9 0
t 284 16
m 3 14
1 9 1
2 9 1
3 9 1
t 283 16
m 3 14
1 9 0
2 9 0
3 9 0
t 282 16
m 3 14
1 9 1
2 9 1
3 9 1
t 281 16
m 3 14
1 9 0
2 9 0
3 9 0
t 280 16
m 3 14
1 9 1
2 9 1
3 9 1
t 279 16
m 3 14
1 9 0
2 9 0
3 9 0
t 278 16
m 3 14
1 9 1
2 9 1
3 9 1
t 277 16
m 3 14
1 9 0
2 9 0
3 9 0
t 276 16
m 3 14
1 9 1
2 9 1
3 9 1
t 275 16
m 3 14
1 9 0
2 9 0
3 9 0
t 274 16
m 3 14
1 9 1
2 9 1
3 9 1
t 273 16
m 3 14
1 9 0
2 9 0
3 9 0
t 272 16
m 3 14
1 9 1
2 9 1
3 9 1
t 271 16
m 3 14
1 9 0
2 9 0
3 9 0
t 270 16
m 3 14
1 9 1
2 9 1
3 9 1
t 269 16
m 3 14
1 9 0
2 9 0
3 9 0
t 268 16
m 3 14
1 9 1
2 9 1
3 9 1
t 267 16
m 3 13
1 9 0
2 9 0
3 9 0
f 1 13
t 266 16
m 2 13
1 9 1
2 9 1
3 9 1
t 265 16
m 1 13
1 9 0
2 9 0
3 9 0
t 264 26
m 1 13
1 9 1
2 9 1
3 9 1
t 263 26
m 1 13
1 9 0
2 9 0
3 9 0
t 262 26
m 1 13
1 9 1
2 9 1
3 9 1
t 261 26
m 1 13
1 9 0
2 9 0
3 9 0
t 260 26
m 1 13
1 9 1
2 9 1
3 9 1
t 259 26
m 1 13
1 9 0
2 9 0
3 9 0
t 258 26
m 1 13
1 9 1
2 9 1
3 9 1
t 257 26
m 1 13
1 9 0
2 9 0
3 9 0
t 256 26
m 1 13
1 9 1
2 9 1
3 9 1
t 255 26
m 1 13
1 9 0
2 9 0
3 9 0
t 254 26
m 1 13
1 9 1
2 9 1
3 9 1
t 253 26
m 1 13
1 9 0
2 9 0
3 9 0
t 252 26
m 1 13
1 9 1
2 9 1
3 9 1
t 251 26
m 1 13
1 9 0
2 9 0
3 9 0
t 250 26
m 1 13
1 9 1
2 9 1
3 9 1
t 249 26
m 1 13
1 9 0
2 9 0
3 9 0
t 248 26
m 1 13
1 9 1
2 9 1
3 9 1
t 247 26
m 1 13
1 9 0
2 9 0
3 9 0
t 246 26
m 1 13
1 9 1
2 9 1
3 9 1
t 245 26
m 1 13
1 9 0
2 9 0
3 9 0
t 244 26
m 1 13
1 9 1
2 9 1
3 9 1
t 243 26
m 1 13
1 9 0
2 9 0
3 9 0
t 242 26
m 1 13
1 9 1
2 9 1
3 9 1
t 241 26
m 1 13
1 9 0
2 9 0
3 9 0
t 240 26
m 1 13
1 9 1
2 9 1
3 9 1
t 239 26
m 1 13
1 9 0
2 9 0
3 9 0
t 238 26
m 1 13
1 9 1
2 9 1
3 9 1
t 237 26
m 1 13
1 9 0
2 9 0
3 9 0
t 236 26
m 1 13
1 9 1
2 9 1
3 9 1
t 235 26
m 1 13
1 9 0
2 9 0
3 9 0
t 234 26
m 1 13
1 9 1
2 9 1
3 9 1
t 233 26
m 1 13
1 9 0
2 9 0
3 9 0
t 232 26
m 1 13
1 9 1
2 9 1
3 9 1
t 231 26
m 1 13
1 9 0
2 9 0
3 9 0
t 230 26
m 1 13
1 9 1
2 9 1
3 9 1
t 229 26
m 1 13
1 9 0
2 9 0
3 9 0
t 228 26
m 1 13
1 9 1
2 9 1
3 9 1
t 227 26
m 1 13
1 9 0
2 9 0
3 9 0
t 226 26
m 1 13
1 9 1
2 9 1
3 9 1
t 225 26
m 1 13
1 9 0
2 9 0
3 9 0
t 224 26
m 1 13
1 9 1
2 9 1
3 9 1
t 223 26
m 1 12
1 9 0
2 9 0
3 9 0
f 2 6
t 222 26
m 1 11
1 9 1
2 9 1
3 9 1
t 221 26
m 0 11
1 9 0
2 9 0
3 9 0
t 220 26
m 0 10
1 9 1
2 9 1
3 9 1
t 219 26
m 0 9
1 9 0
2 9 0
3 9 0
t 218 28
m 0 8
1 9 1
2 9 1
3 9 1
t 217 28
m 1 8
1 9 0
2 9 0
3 9 0
t 216 30
m 2 8
1 9 1
2 9 1
3 9 1
t 215 30
m 2 7
1 9 0
2 9 0
3 9 0
t 214 32
m 2 6
1 9 1
2 9 1
3 9 1
t 213 42
m 2 6
1 9 0
2 9 0
3 9 0
t 212 42
m 2 5
1 9 1
2 9 1
3 9 1
f 4 3
t 211 42
m 2 4
1 9 0
2 9 0
3 9 0
t 210 42
m 3 4
1 9 1
2 9 1
3 9 1
t 209 44
m 3 3
1 9 0
2 9 0
3 9 0
t 208 46
m 4 3
1 9 1
2 9 1
3 9 1
t 207 56
m 4 4
1 9 0
2 9 0
3 9 0
t 206 58
m 5 4
1 9 1
2 9 1
3 9 1
t 205 60
m 5 3
1 9 0
2 9 0
3 9 0
t 204 62
m 5 2
1 9 1
2 9 1
3 9 1
t 203 62
m 4 2
1 9 0
2 9 0
3 9 0
t 202 64
m 3 2
1 9 1
2 9 1
3 9 1
t 201 66
m 3 1
1 9 2
2 9 2
3 9 2
t 200 66
m 2 1
1 9 3
2 9 3
3 9 3
t 199 68
m 2 0
1 9 4
2 9 4
3 9 4
t 198 68
m 1 0
1 9 5
2 9 5
3 9 5
t 197 70
m 0 0
1 9 6
2 9 6
3 9 6
t 196 70
m 0 1
1 9 7
2 9 7
3 9 7
t 195 72
m 0 2
1 9 8
2 9 8
3 9 8
t 194 72
m 0 3
1 9 9
2 9 9
3 9 9
t 193 74
m 0 3
1 9 10
2 9 10
3 9 10
t 192 74
m 0 3
1 9 11
2 9 11
3 9 11
t 191 74
m 0 2
1 9 12
2 9 12
3 9 12
f 2 1
t 190 74
m 1 2
1 9 13
2 9 13
3 9 13
t 189 74
m 2 2
1 9 14
2 9 14
3 9 14
t 188 74
m 2 1
1 9 13
2 9 13
3 9 13
t 187 84
m 2 1
1 9 14
2 9 14
3 9 14
t 186 84
m 2 1
1 9 13
2 9 13
3 9 13
t 185 84
m 2 1
1 9 14
2 9 14
3 9 14
t 184 84
m 2 1
1 9 13
2 9 13
3 9 13
t 183 84
m 2 1
1 9 14
2 9 14
3 9 14
t 182 84
m 2 1
1 9 13
2 9 13
3 9 13
t 181 84
m 2 1
1 9 14
2 9 14
3 9 14
t 180 84
m 2 1
1 9 13
2 9 13
3 9 13
t 179 84
m 2 1
1 9 14
2 9 14
3 9 14
t 178 84
m 2 1
1 9 13
2 9 13
3 9 13
t 177 84
m 2 1
1 9 14
2 9 14
3 9 14
t 176 84
m 2 1
1 9 13
2 9 13
3 9 13
t 175 84
m 2 1
1 9 14
2 9 14
3 9 14
t 174 84
m 2 1
1 9 13
2 9 13
3 9 13
t 173 84
m 2 1
1 9 14
2 9 14
3 9 14
t 172 84
m 2 1
1 9 13
2 9 13
3 9 13
t 171 84
m 2 1
1 9 14
2 9 14
3 9 14
t 170 84
m 2 1
1 9 13
2 9 13
3 9 13
t 169 84
m 2 1
1 9 14
2 9 14
3 9 14
t 168 84
m 2 1
1 9 13
2 9 13
3 9 13
t 167 84
m 2 1
1 9 14
2 9 14
3 9 14
t 166 84
m 2 1
1 9 13
2 9 13
3 9 13
t 165 84
m 2 1
1 9 14
2 9 14
3 9 14
t 164 84
m 2 1
1 9 13
2 9 13
3 9 13
t 163 84
m 2 1
1 9 14
2 9 14
3 9 14
t 162 84
m 2 1
1 9 13
2 9 13
3 9 13
t 161 84
m 2 1
1 9 14
2 9 14
3 9 14
t 160 84
m 2 1
1 9 13
2 9 13
3 9 13
t 159 84
m 2 1
1 9 14
2 9 14
3 9 14
t 158 84
m 2 1
1 9 13
2 9 13
3 9 13
t 157 84
m 2 1
1 9 14
2 9 14
3 9 14
t 156 84
m 2 1
1 9 13
2 9 13
3 9 13
t 155 84
m 2 1
1 9 14
2 9 14
3 9 14
t 154 84
m 2 1
1 9 13
2 9 13
3 9 13
t 153 84
m 2 1
1 9 14
2 9 14
3 9 14
t 152 84
m 2 1
1 9 13
2 9 13
3 9 13
t 151 84
m 2 1
1 9 14
2 9 14
3 9 14
t 150 84
m 2 2
1 9 13
2 9 13
3 9 13
f 5 14
t 149 84
m 3 2
1 9 14
2 9 14
3 9 14
t 148 84
m 4 2
1 9 13
2 9 13
3 9 13
t 147 84
m 5 2
1 9 14
2 9 14
3 9 14
t 146 84
m 6 2
1 9 13
2 9 13
3 9 13
t 145 86
m 7 2
1 9 14
2 9 14
3 9 14
t 144 86
m 8 2
1 9 13
2 9 13
3 9 13
t 143 86
m 8 3
1 9 14
2 9 14
3 9 14
t 142 88
m 8 4
1 9 13
2 9 13
3 9 13
t 141 88
m 8 5
1 9 14
2 9 14
3 9 14
t 140 88
m 8 6
1 9 13
2 9 13
3 9 13
t 139 91
m 7 6
1 9 14
2 9 14
3 9 14
t 138 93
m 7 7
1 9 13
2 9 13
3 9 13
t 137 95
m 7 8
1 9 14
2 9 14
3 9 14
t 136 97
m 6 8
1 9 13
2 9 13
3 9 13
t 135 99
m 6 9
1 9 14
2 9 14
3 9 14
t 134 101
m 5 9
1 9 13
2 9 13
3 9 13
t 133 103
m 5 8
1 9 14
2 9 14
3 9 14
t 132 105
m 5 9
1 9 13
2 9 13
3 9 13
t 131 105
m 4 9
1 9 14
2 9 14
3 9 14
t 130 107
m 4 10
1 9 13
2 9 13
3 9 13
t 129 109
m 4 9
1 9 14
2 9 14
3 9 14
t 128 109
m 4 8
1 9 13
2 9 13
3 9 13
t 127 109
m 4 7
1 9 14
2 9 14
3 9 14
t 126 111
m 4 8
1 9 13
2 9 13
3 9 13
t 125 111
m 3 8
1 9 14
2 9 14
3 9 14
t 124 113
m 4 8
1 9 13
2 9 13
3 9 13
t 123 113
m 4 9
1 9 14
2 9 14
3 9 14
t 122 113
m 4 10
1 9 13
2 9 13
3 9 13
t 121 113
m 4 11
1 9 14
2 9 14
3 9 14
t 120 113
m 4 12
1 9 13
2 9 13
3 9 13
t 119 113
m 4 13
1 9 14
2 9 14
3 9 14
t 118 113
m 4 14
1 9 13
2 9 13
3 9 13
t 117 113
m 5 14
1 9 12
2 9 12
3 9 12
t 116 123
m 5 14
1 9 11
2 9 11
3 9 11
t 115 123
m 5 14
1 9 10
2 9 10
3 9 10
t 114 123
m 5 14
1 9 9
2 9 9
3 9 9
t 113 123
m 5 14
1 9 8
2 9 8
3 9 8
t 112 123
m 5 14
1 9 7
2 9 7
3 9 7
t 111 123
m 5 14
1 9 6
2 9 6
3 9 6
t 110 123
m 5 14
1 9 5
2 9 5
3 9 5
t 109 123
m 5 14
1 9 4
2 9 4
3 9 4
t 108 123
m 5 14
1 9 3
2 9 3
3 9 3
t 107 123
m 6 14
1 9 2
2 9 2
3 9 2
f 9 8
t 106 123
m 7 14
1 9 1
2 9 1
3 9 1
t 105 123
m 7 13
1 9 0
2 9 0
3 9 0
t 104 125
m 7 12
1 9 1
2 9 1
3 9 1
t 103 127
m 7 11
1 9 0
2 9 0
3 9 0
t 102 127
m 7 10
1 9 1
2 9 1
3 9 1
t 101 129
m 8 10
1 9 0
2 9 0
3 9 0
t 100 131
m 8 9
1 9 1
2 9 1
3 9 1
t 99 133
m 8 8
1 9 0
2 9 0
3 9 0
t 98 133
m 9 8
1 9 1
2 9 1
3 9 1
t 97 143
m 9 9
1 9 0
2 9 0
3 9 0
t 96 145
m 9 10
1 9 1
2 9 1
3 9 1
t 95 147
m 9 11
1 9 0
2 9 0
3 9 0
t 94 149
m 9 12
1 9 1
2 9 1
3 9 1
t 93 151
m 9 13
1 9 0
2 9 0
3 9 0
t 92 151
m 9 14
1 9 1
2 9 1
3 9 1
t 91 153
m 8 14
1 9 0
2 9 0
3 9 0
t 90 155
m 8 14
1 9 1
2 9 1
3 9 1
t 89 155
m 8 14
1 9 0
2 9 0
3 9 0
t 88 155
m 8 14
1 9 1
2 9 1
3 9 1
t 87 155
m 8 14
1 9 0
2 9 0
3 9 0
t 86 155
m 8 14
1 9 1
2 9 1
3 9 1
t 85 155
m 8 14
1 9 0
2 9 0
3 9 0
t 84 155
m 8 14
1 9 1
2 9 1
3 9 1
t 83 155
m 8 14
1 9 0
2 9 0
3 9 0
t 82 155
m 8 14
1 9 1
2 9 1
3 9 1
t 81 155
m 8 14
1 9 0
2 9 0
3 9 0
t 80 155
m 8 14
1 9 1
2 9 1
3 9 1
t 79 155
m 8 14
1 9 0
2 9 0
3 9 0
t 78 155
m 8 14
1 9 1
2 9 1
3 9 1
t 77 155
m 8 14
1 9 0
2 9 0
3 9 0
t 76 155
m 8 14
1 9 1
2 9 1
3 9 1
t 75 155
m 8 14
1 9 0
2 9 0
3 9 0
t 74 155
m 8 14
1 9 1
2 9 1
3 9 1
t 73 155
m 8 14
1 9 0
2 9 0
3 9 0
t 72 155
m 8 14
1 9 1
2 9 1
3 9 1
t 71 155
m 8 14
1 9 0
2 9 0
3 9 0
t 70 155
m 8 14
1 9 1
2 9 1
3 9 1
t 69 155
m 8 14
1 9 0
2 9 0
3 9 0
t 68 155
m 8 14
1 9 1
2 9 1
3 9 1
t 67 155
m 8 14
1 9 0
2 9 0
3 9 0
t 66 155
m 8 14
1 9 1
2 9 1
3 9 1
t 65 155
m 8 14
1 9 0
2 9 0
3 9 0
t 64 155
m 8 14
1 9 1
2 9 1
3 9 1
t 63 155
m 8 14
1 9 0
2 9 0
3 9 0
t 62 155
m 8 14
1 9 1
2 9 1
3 9 1
t 61 155
m 8 14
1 9 0
2 9 0
3 9 0
t 60 155
m 8 14
1 9 1
2 9 1
3 9 1
t 59 155
m 8 14
1 9 0
2 9 0
3 9 0
t 58 155
m 8 14
1 9 1
2 9 1
3 9 1
t 57 155
m 8 14
1 9 0
2 9 0
3 9 0
t 56 155
m 8 14
1 9 1
2 9 1
3 9 1
t 55 155
m 8 14
1 9 0
2 9 0
3 9 0
t 54 155
m 8 14
1 9 1
2 9 1
3 9 1
t 53 155
m 8 14
1 9 0
2 9 0
3 9 0
t 52 155
m 8 14
1 9 1
2 9 1
3 9 1
t 51 155
m 8 14
1 9 0
2 9 0
3 9 0
t 50 155
m 8 13
1 9 1
2 9 1
3 9 1
t 49 155
m 8 12
1 9 0
2 9 0
3 9 0
t 48 155
m 9 12
1 9 1
2 9 1
3 9 1
t 47 155
m 9 11
1 9 0
2 9 0
3 9 0
t 46 155
m 9 10
1 9 1
2 9 1
3 9 1
t 45 155
m 9 9
1 9 0
2 9 0
3 9 0
t 44 155
m 9 8
1 9 1
2 9 1
3 9 1
t 43 165
m 9 7
1 9 0
2 9 0
3 9 0
t 42 167
m 9 6
1 9 1
2 9 1
3 9 1
t 41 167
m 9 5
1 9 0
2 9 0
3 9 0
t 40 170
