10
15
m 0 14
m 0 14
1 9 0
2 9 0
3 9 0
w 6 1
w 6 2
w 6 9
w 6 13
w 3 9
w 3 10
w 3 13
w 7 1
w 7 2
w 7 5
w 7 9
w 7 13
w 4 1
w 4 2
w 4 5
w 4 6
w 4 13
w 1 5
w 1 6
w 1 13
w 8 2
w 8 9
w 8 13
w 5 1
w 5 6
w 5 9
w 5 12
w 5 13
w 2 0
w 2 1
w 2 5
w 2 6
w 2 8
w 2 9
w 2 10
w 2 13
p 3 0
p 3 1
p 3 2
p 3 3
p 7 3
p 7 4
p 3 6
p 7 6
p 3 8
p 3 11
p 3 12
p 7 11
p 7 14
p 5 3
p 5 4
p 4 0
p 8 0
p 0 2
p 0 3
p 4 3
p 4 4
p 0 6
p 8 1
p 4 8
p 8 3
p 0 10
p 0 11
p 0 12
p 0 13
p 4 10
p 4 11
p 4 12
p 8 10
p 8 11
p 1 1
p 9 3
p 9 4
p 1 3
p 9 6
p 1 4
p 9 8
p 1 7
p 1 8
p 9 11
p 9 12
p 9 13
p 1 9
p 1 12
p 5 7
p 5 8
p 5 11
p 6 0
p 6 4
p 6 7
p 6 8
p 2 7
p 6 10
p 6 11
t 300 0
m 0 13
m 0 14
1 9 1
2 8 0
3 9 1
t 299 1
m 0 13
m 0 13
1 9 0
2 7 0
3 9 0
t 298 1
m 0 12
m 0 13
1 9 1
2 8 0
3 9 1
t 297 3
m 0 13
m 0 13
1 9 0
2 7 0
3 9 0
t 296 3
m 0 12
m 0 13
1 9 1
2 8 0
3 9 1
t 295 3
m 0 11
m 0 13
1 9 0
2 7 0
3 9 0
t 294 5
m 0 10
m 0 13
1 9 1
2 8 0
3 9 1
t 293 6
m 0 9
m 0 13
1 9 0
2 7 0
3 9 0
t 292 6
m 0 9
m 0 13
1 9 1
2 8 0
3 9 1
t 291 6
m 0 10
m 0 13
1 9 0
2 7 0
3 9 0
t 290 6
m 0 9
m 0 13
1 9 1
2 8 0
3 9 1
t 289 6
m 0 8
m 0 13
1 9 0
2 7 0
3 9 0
t 288 6
m 0 9
m 0 13
1 9 1
2 8 0
3 9 1
t 287 6
m 1 9
m 0 13
1 9 0
2 7 0
3 9 0
t 286 8
m 1 8
m 0 13
1 9 1
2 8 0
3 9 1
t 285 10
m 1 7
m 0 13
1 9 0
2 7 0
3 9 0
t 284 12
m 0 7
m 0 13
1 9 1
2 8 0
3 9 1
t 283 12
m 1 7
m 0 13
1 9 0
2 7 0
3 9 0
t 282 12
m 2 7
m 0 13
1 9 1
2 8 0
3 9 1
t 281 13
m 1 7
m 0 13
1 9 0
2 7 0
3 9 0
f 2 11
t 280 13
m 2 7
m 0 13
1 9 1
2 8 0
3 9 1
t 279 13
m 3 7
m 0 13
1 9 0
2 7 0
3 9 0
t 278 13
m 3 8
m 0 13
1 9 1
2 8 0
3 9 1
t 277 15
m 3 7
m 0 13
1 9 0
2 7 0
3 9 0
t 276 15
m 4 7
m 0 13
1 9 1
2 8 0
3 9 1
t 275 15
m 4 8
m 0 13
1 9 0
2 7 0
3 9 0
t 274 17
m 4 7
m 0 13
1 9 1
2 8 0
3 9 1
t 273 17
m 4 7
m 0 13
1 9 0
2 7 0
3 9 0
t 272 17
m 4 7
m 0 13
1 9 1
2 8 0
3 9 1
t 271 17
m 4 8
m 0 13
1 9 0
2 7 0
3 9 0
t 270 17
m 4 8
m 0 13
1 9 1
2 8 0
3 9 1
t 269 17
m 4 8
m 0 13
1 9 0
2 7 0
3 9 0
t 268 17
m 4 7
m 0 13
1 9 1
2 8 0
3 9 1
t 267 17
m 4 8
m 0 13
1 9 0
2 7 0
3 9 0
t 266 17
m 4 9
m 0 13
1 9 1
2 8 0
3 9 1
t 265 17
m 4 8
m 0 13
1 9 0
2 7 0
3 9 0
t 264 17
m 5 8
m 0 13
1 9 1
2 8 0
3 9 1
t 263 18
m 5 7
m 0 13
1 9 0
2 7 0
3 9 0
t 262 20
m 6 7
m 0 13
1 9 1
2 8 0
3 9 1
t 261 22
m 7 7
m 0 13
1 9 0
2 7 0
3 9 0
t 260 22
m 6 7
m 0 13
1 9 1
2 8 0
3 9 1
t 259 22
m 5 7
m 0 13
1 9 0
2 7 0
3 9 0
t 258 22
m 6 7
m 0 13
1 9 1
2 8 0
3 9 1
t 257 22
m 6 8
m 0 13
1 9 0
2 7 0
3 9 0
t 256 24
m 5 8
m 0 13
1 9 1
2 8 0
3 9 1
t 255 24
m 4 8
m 0 13
1 9 0
2 7 0
3 9 0
t 254 24
m 4 8
m 0 13
1 9 1
2 8 0
3 9 1
t 253 24
m 4 7
m 0 13
1 9 0
2 7 0
3 9 0
t 252 24
m 4 7
m 0 13
1 9 1
2 8 0
3 9 1
t 251 24
m 4 8
m 0 13
1 9 0
2 7 0
3 9 0
t 250 24
m 4 9
m 0 13
1 9 1
2 8 0
3 9 1
t 249 24
m 4 8
m 0 13
1 9 0
2 7 0
3 9 0
t 248 24
m 4 9
m 0 13
1 9 1
2 8 0
3 9 1
t 247 24
m 4 10
m 0 13
1 9 0
2 7 0
3 9 0
t 246 25
m 4 9
m 0 13
1 9 1
2 8 0
3 9 1
t 245 25
m 4 9
m 0 13
1 9 0
2 7 0
3 9 0
t 244 25
m 4 10
m 0 13
1 9 1
2 8 0
3 9 1
t 243 25
m 4 11
m 0 13
1 9 0
2 7 0
3 9 0
t 242 27
m 4 12
m 0 13
1 9 1
2 8 0
3 9 1
t 241 29
m 4 12
m 0 13
1 9 0
2 7 0
3 9 0
t 240 29
m 4 11
m 0 13
1 9 1
2 8 0
3 9 1
t 239 29
m 5 11
m 0 13
1 9 0
2 7 0
3 9 0
t 238 31
m 6 11
m 0 13
1 9 1
2 8 0
3 9 1
t 237 32
m 6 12
m 0 13
1 9 0
2 7 0
3 9 0
t 236 32
m 7 12
m 0 13
1 9 1
2 6 0
3 9 1
t 235 32
m 6 12
m 0 13
1 9 0
2 5 0
3 9 0
t 234 32
m 6 12
m 0 13
1 9 1
2 4 0
3 9 1
t 233 32
m 6 12
m 0 13
1 9 0
2 3 0
3 9 0
t 232 32
m 6 12
m 0 13
1 9 1
2 3 1
3 9 1
t 231 32
m 6 11
m 0 13
1 9 0
2 3 0
3 9 0
t 230 32
m 6 11
m 0 13
1 9 1
2 3 1
3 9 1
t 229 32
m 6 12
m 0 13
1 9 0
2 3 0
3 9 0
t 228 32
m 7 12
m 0 13
1 9 1
2 3 1
3 9 1
t 227 32
m 8 12
m 0 13
1 9 0
2 3 0
3 9 0
t 226 32
m 8 12
m 0 13
1 9 1
2 4 0
3 9 1
t 225 32
m 9 12
m 0 13
1 9 0
2 3 0
3 9 0
t 224 34
m 9 12
m 0 13
1 8 0
2 3 1
3 8 0
t 223 34
m 9 12
m 0 13
1 7 0
2 3 2
3 9 0
t 222 34
m 8 12
m 0 13
1 6 0
2 3 1
3 8 0
t 221 34
m 8 11
m 0 13
1 5 0
2 3 2
3 9 0
t 220 36
m 8 10
m 0 13
1 4 0
2 2 2
3 8 0
t 219 37
m 7 10
m 0 13
1 3 0
2 3 2
3 9 0
t 218 37
m 7 10
m 0 13
1 3 1
2 3 1
3 9 1
t 217 37
m 6 10
m 0 13
1 3 0
2 3 0
3 9 0
t 216 39
m 5 10
m 0 13
1 3 1
2 3 1
3 9 1
t 215 39
m 5 11
m 0 13
1 3 0
2 3 0
3 9 0
t 214 39
m 5 10
m 0 13
1 3 1
2 3 1
3 9 1
t 213 39
m 5 10
m 0 13
1 3 0
2 3 0
3 9 0
t 212 39
m 4 10
m 0 13
1 3 1
2 3 1
3 9 1
t 211 39
m 4 9
m 0 13
1 3 0
2 3 0
3 9 0
t 210 39
m 4 9
m 0 13
1 3 1
2 3 1
3 9 1
t 209 39
m 4 9
m 0 13
1 3 0
2 3 0
3 9 0
t 208 39
m 4 10
m 0 13
1 3 1
2 3 1
3 9 1
t 207 39
m 4 10
m 0 13
1 3 0
2 3 0
3 9 0
t 206 39
m 5 10
m 0 13
1 3 1
2 3 1
3 9 1
t 205 39
m 4 10
m 0 13
1 3 0
2 3 0
3 9 0
t 204 39
m 4 11
m 0 13
1 3 1
2 3 1
3 9 1
t 203 39
m 3 11
m 0 13
1 3 0
2 3 0
3 9 0
t 202 41
m 3 12
m 0 13
1 4 0
2 3 1
3 9 1
t 201 43
m 3 12
m 0 13
1 5 0
2 3 0
3 9 0
t 200 43
m 4 12
m 0 13
1 6 0
2 3 1
3 8 0
t 199 43
m 3 12
m 0 13
1 7 0
2 3 2
3 9 0
t 198 43
m 2 12
m 0 13
1 8 0
2 3 1
3 8 0
t 197 43
m 1 12
m 0 13
1 9 0
2 3 2
3 9 0
t 196 44
m 1 12
m 0 13
1 9 1
2 3 1
3 9 1
t 195 44
m 2 12
m 0 13
1 9 0
2 3 0
3 9 0
t 194 44
m 2 11
m 0 13
1 9 1
2 4 0
3 9 1
t 193 54
m 3 11
m 0 13
1 9 0
2 5 0
3 9 0
t 192 54
m 4 11
m 0 13
1 9 1
2 6 0
3 9 1
t 191 54
m 4 10
m 0 13
1 9 0
2 7 0
3 9 0
t 190 54
m 4 11
m 0 13
1 9 1
2 8 0
3 9 1
t 189 54
m 4 10
m 0 13
1 9 0
2 7 0
3 9 0
t 188 54
m 4 11
m 0 13
1 9 1
2 8 0
3 9 1
t 187 54
m 4 11
m 0 13
1 9 0
2 7 0
3 9 0
t 186 54
m 5 11
m 0 13
1 9 1
2 8 0
3 9 1
t 185 54
m 6 11
m 0 13
1 9 0
2 7 0
3 9 0
t 184 54
m 6 11
m 0 13
1 9 1
2 8 0
3 9 1
t 183 54
m 7 11
m 0 13
1 9 0
2 7 0
3 9 0
t 182 56
m 7 10
m 0 13
1 9 1
2 6 0
3 9 1
t 181 56
m 8 10
m 0 13
1 9 0
2 5 0
3 9 0
t 180 56
m 8 10
m 0 13
1 9 1
2 4 0
3 9 1
t 179 56
m 8 10
m 0 13
1 9 0
2 3 0
3 9 0
t 178 56
m 7 10
m 0 13
1 9 1
2 3 1
3 9 1
t 177 56
m 8 10
m 0 13
1 9 0
2 3 0
3 9 0
t 176 56
m 8 11
m 0 13
1 9 1
2 3 1
3 9 1
t 175 56
m 8 12
m 0 13
1 9 0
2 3 0
3 9 0
t 174 56
m 8 12
m 0 13
1 9 1
2 4 0
3 9 1
t 173 56
m 7 12
m 0 13
1 9 0
2 3 0
3 9 0
t 172 56
m 6 12
m 0 13
1 9 1
2 3 1
3 9 1
t 171 56
m 7 12
m 0 13
1 9 0
2 3 0
3 9 0
t 170 56
m 7 12
m 0 13
1 9 1
2 3 1
3 9 1
t 169 56
m 8 12
m 0 13
1 9 0
2 3 0
3 9 0
t 168 56
m 8 11
m 0 13
1 9 1
2 3 1
3 9 1
t 167 56
m 8 10
m 0 13
1 9 0
2 3 0
3 9 0
t 166 56
m 8 10
m 0 13
1 9 1
2 3 1
3 9 1
t 165 56
m 8 11
m 0 13
1 9 0
2 3 0
3 9 0
t 164 56
m 8 12
m 0 13
1 9 1
2 4 0
3 9 1
t 163 56
m 8 11
m 0 13
1 9 0
2 3 0
3 9 0
t 162 56
m 8 10
m 0 13
1 9 1
2 3 1
3 9 1
t 161 56
m 9 10
m 0 13
1 9 0
2 3 0
3 9 0
t 160 56
m 9 9
m 0 13
1 8 0
2 3 1
3 8 0
t 159 56
m 9 8
m 0 13
1 7 0
2 3 2
3 9 0
t 158 58
m 9 9
m 0 13
1 6 0
2 2 2
3 8 0
t 157 58
m 9 10
m 0 13
1 5 0
2 3 2
3 9 0
t 156 58
m 9 10
m 0 13
1 4 0
2 3 1
3 8 0
t 155 58
m 9 9
m 0 13
1 3 0
2 3 2
3 9 0
t 154 58
m 9 10
m 0 13
1 3 1
2 3 1
3 9 1
t 153 58
m 9 9
m 0 13
1 3 0
2 3 0
3 9 0
t 152 58
m 9 9
m 0 13
1 3 1
2 3 1
3 9 1
t 151 58
m 9 9
m 0 13
1 3 0
2 3 0
3 9 0
t 150 58
m 9 8
m 0 13
1 3 1
2 3 1
3 9 1
t 149 58
m 9 8
m 0 13
1 3 0
2 3 0
3 9 0
t 148 58
m 8 8
m 0 13
1 3 1
2 3 1
3 9 1
t 147 58
m 8 8
m 0 13
1 3 0
2 3 0
3 9 0
t 146 58
m 7 8
m 0 13
1 3 1
2 3 1
3 9 1
t 145 58
m 7 8
m 0 13
1 3 0
2 3 0
3 9 0
t 144 58
m 8 8
m 0 13
1 3 1
2 3 1
3 9 1
t 143 58
m 9 8
m 0 13
1 3 0
2 3 0
3 9 0
t 142 58
m 8 8
m 0 13
1 3 1
2 3 1
3 9 1
t 141 58
m 8 8
m 0 13
1 3 0
2 3 0
3 9 0
t 140 58
m 8 7
m 0 13
1 3 1
2 3 1
3 9 1
t 139 58
m 9 7
m 0 13
1 3 0
2 3 0
3 9 0
t 138 58
m 8 7
m 0 13
1 3 1
2 3 1
3 9 1
t 137 58
m 8 6
m 0 13
1 3 0
2 3 0
3 9 0
t 136 58
m 7 6
m 0 13
1 3 1
2 3 1
3 9 1
f 6 6
t 135 60
m 6 6
m 0 13
1 3 0
2 3 0
3 9 0
t 134 70
m 6 6
m 0 13
1 3 1
2 3 1
3 9 1
t 133 70
m 6 5
m 0 13
1 3 0
2 3 0
3 9 0
t 132 70
m 6 4
m 0 13
1 3 1
2 3 1
3 9 1
t 131 71
m 5 4
m 0 13
1 3 0
2 3 0
3 9 0
t 130 73
m 5 5
m 0 13
1 3 1
2 3 1
3 9 1
t 129 73
m 6 5
m 0 13
1 3 0
2 3 0
3 9 0
f 2 4
t 128 73
m 6 4
m 0 13
1 3 1
2 3 1
3 9 1
t 127 73
m 6 3
m 0 13
1 3 0
2 3 0
3 9 0
t 126 73
m 7 3
m 0 13
1 3 1
2 3 1
3 9 1
t 125 75
m 8 3
m 0 13
1 3 0
2 3 0
3 9 0
t 124 76
m 8 3
m 0 13
1 3 1
2 3 1
3 9 1
t 123 76
m 8 3
m 0 13
1 3 0
2 3 0
3 9 0
t 122 76
m 7 3
m 0 13
1 3 1
2 3 1
3 9 1
t 121 76
m 7 4
m 0 13
1 3 0
2 3 0
3 9 0
t 120 78
m 7 3
m 0 13
1 3 1
2 3 1
3 9 1
t 119 78
m 7 4
m 0 13
1 3 0
2 3 0
3 9 0
t 118 78
m 7 3
m 0 13
1 3 1
2 3 1
3 9 1
t 117 78
m 6 3
m 0 13
1 3 0
2 3 0
3 9 0
t 116 78
m 6 4
m 0 13
1 3 1
2 3 1
3 9 1
t 115 78
m 7 4
m 0 13
1 3 0
2 3 0
3 9 0
t 114 78
m 6 4
m 0 13
1 3 1
2 3 1
3 9 1
t 113 78
m 5 4
m 0 13
1 3 0
2 3 0
3 9 0
t 112 78
m 6 4
m 0 13
1 3 1
2 3 1
3 9 1
t 111 78
m 6 3
m 0 13
1 3 0
2 3 0
3 9 0
t 110 78
m 5 3
m 0 13
1 3 1
2 3 1
3 9 1
t 109 80
m 5 3
m 0 13
1 3 0
2 3 0
3 9 0
t 108 80
m 5 3
m 0 13
1 3 1
2 3 1
3 9 1
t 107 80
m 4 3
m 0 13
1 3 0
2 3 0
3 9 0
t 106 82
m 5 3
m 0 13
1 3 1
2 3 1
3 9 1
t 105 82
m 5 4
m 0 13
1 3 0
2 3 0
3 9 0
t 104 82
m 5 5
m 0 13
1 3 1
2 3 1
3 9 1
t 103 82
m 5 4
m 0 13
1 3 0
2 3 0
3 9 0
t 102 82
m 6 4
m 0 13
1 3 1
2 3 1
3 9 1
t 101 82
m 5 4
m 0 13
1 3 0
2 3 0
3 9 0
t 100 82
m 5 3
m 0 13
1 3 1
2 3 1
3 9 1
t 99 82
m 5 2
m 0 13
1 3 0
2 3 0
3 9 0
t 98 82
m 5 2
m 0 13
1 3 1
2 3 1
3 9 1
t 97 82
m 5 3
m 0 13
1 3 0
2 3 0
3 9 0
t 96 82
m 5 2
m 0 13
1 3 1
2 3 1
3 9 1
t 95 82
m 5 3
m 0 13
1 3 0
2 3 0
3 9 0
t 94 82
m 6 3
m 0 13
1 3 1
2 3 1
3 9 1
t 93 82
m 6 4
m 0 13
1 3 0
2 3 0
3 9 0
t 92 82
m 5 4
m 0 13
1 3 1
2 3 1
3 9 1
t 91 82
m 4 4
m 0 13
1 3 0
2 3 0
3 9 0
t 90 83
m 5 4
m 0 13
1 3 1
2 3 1
3 9 1
t 89 83
m 4 4
m 0 13
1 3 0
2 3 0
3 9 0
t 88 83
m 3 4
m 0 13
1 4 0
2 3 1
3 9 1
t 87 83
m 2 4
m 0 13
1 5 0
2 3 0
3 9 0
t 86 93
m 1 4
m 0 13
1 6 0
2 3 1
3 8 0
t 85 95
m 2 4
m 0 13
1 7 0
2 3 2
3 9 0
t 84 95
m 1 4
m 0 13
1 8 0
2 3 1
3 8 0
t 83 95
m 0 4
m 0 13
1 9 0
2 3 2
3 9 0
t 82 95
m 0 5
m 0 13
1 9 1
2 3 1
3 9 1
t 81 95
m 0 5
m 0 13
1 9 0
2 3 0
3 9 0
t 80 95
m 0 6
m 0 13
1 9 1
2 4 0
3 9 1
t 79 97
m 0 7
m 0 13
1 9 0
2 5 0
3 9 0
t 78 97
m 0 7
m 0 13
1 9 1
2 6 0
3 9 1
t 77 97
m 0 8
m 0 13
1 9 0
2 7 0
3 9 0
t 76 97
m 0 8
m 0 13
1 9 1
2 8 0
3 9 1
t 75 97
m 1 8
m 0 13
1 9 0
2 7 0
3 9 0
t 74 97
m 0 8
m 0 13
1 9 1
2 8 0
3 9 1
t 73 97
m 1 8
m 0 13
1 9 0
2 7 0
3 9 0
f 7 8
t 72 97
m 0 8
m 0 13
1 9 1
2 8 0
3 9 1
t 71 97
m 0 7
m 0 13
1 9 0
2 7 0
3 9 0
t 70 97
m 0 8
m 0 13
1 9 1
2 8 0
3 9 1
t 69 97
m 0 9
m 0 13
1 9 0
2 7 0
3 9 0
t 68 97
m 0 8
m 0 13
1 9 1
2 8 0
3 9 1
t 67 97
m 0 9
m 0 13
1 9 0
2 7 0
3 9 0
t 66 97
m 0 8
m 0 13
1 9 1
2 8 0
3 9 1
t 65 97
m 0 7
m 0 13
1 9 0
2 7 0
3 9 0
t 64 97
m 0 6
m 0 13
1 9 1
2 8 0
3 9 1
t 63 97
m 0 6
m 0 13
1 9 0
2 7 0
3 9 0
t 62 97
m 0 6
m 0 13
1 9 1
2 8 0
3 9 1
t 61 97
m 0 6
m 0 13
1 9 0
2 7 0
3 9 0
t 60 97
m 0 6
m 0 13
1 9 1
2 8 0
3 9 1
t 59 97
m 0 6
m 0 13
1 9 0
2 7 0
3 9 0
t 58 97
m 0 6
m 0 13
1 9 1
2 8 0
3 9 1
t 57 97
m 0 5
m 0 13
1 9 0
2 7 0
3 9 0
t 56 97
m 0 5
m 0 13
1 9 1
2 8 0
3 9 1
t 55 97
m 0 4
m 0 13
1 9 0
2 7 0
3 9 0
t 54 97
m 1 4
m 0 13
1 9 1
2 8 0
3 9 1
t 53 97
m 0 4
m 0 13
1 9 0
2 7 0
3 9 0
t 52 97
m 0 4
m 0 13
1 9 1
2 8 0
3 9 1
t 51 97
m 0 4
m 0 13
1 9 0
2 7 0
3 9 0
t 50 97
m 0 4
m 0 13
1 9 1
2 8 0
3 9 1
t 49 97
m 1 4
m 0 13
1 9 0
2 7 0
3 9 0
t 48 97
m 1 4
m 0 13
1 9 1
2 8 0
3 9 1
t 47 97
m 0 4
m 0 13
1 9 0
2 7 0
3 9 0
t 46 97
m 0 5
m 0 13
1 9 1
2 8 0
3 9 1
t 45 97
m 0 6
m 0 13
1 9 0
2 7 0
3 9 0
t 44 97
m 0 6
m 0 13
1 9 1
2 8 0
3 9 1
t 43 97
m 0 5
m 0 13
1 9 0
2 7 0
3 9 0
t 42 97
m 0 4
m 0 13
1 9 1
2 8 0
3 9 1
t 41 97
m 0 5
m 0 13
1 9 0
2 7 0
3 9 0
t 40 97
m 0 4
m 0 13
1 9 1
2 8 0
3 9 1
t 39 97
m 0 4
m 0 13
1 9 0
2 7 0
3 9 0
t 38 97
m 1 4
m 0 13
1 9 1
2 8 0
3 9 1
t 37 97
m 0 4
m 0 13
1 9 0
2 7 0
3 9 0
t 36 97
m 0 4
m 0 13
1 9 1
2 8 0
3 9 1
t 35 97
m 0 3
m 0 13
1 9 0
2 7 0
3 9 0
t 34 98
m 0 3
m 0 13
1 9 1
2 8 0
3 9 1
t 33 98
m 1 3
m 0 13
1 9 0
2 7 0
3 9 0
t 32 100
m 0 3
m 0 13
1 9 1
2 8 0
3 9 1
t 31 100
m 0 2
m 0 13
1 9 0
2 7 0
3 9 0
t 30 102
m 0 1
m 0 13
1 9 1
2 8 0
3 9 1
t 29 102
m 0 0
m 0 13
1 9 2
2 8 1
3 9 2
t 28 102
m 0 1
m 0 13
1 9 3
2 8 0
3 9 3
t 27 102
m 0 1
m 0 13
1 9 4
2 7 0
3 9 4
t 26 102
m 1 1
m 0 13
1 9 5
2 8 0
3 9 5
t 25 104
m 0 1
m 0 13
1 9 6
2 7 0
3 9 6
t 24 104
m 0 2
m 0 13
1 9 7
2 8 0
3 9 7
t 23 104
m 0 3
m 0 13
1 9 8
2 7 0
3 9 8
t 22 104
m 0 2
m 0 13
1 9 7
2 8 0
3 9 9
t 21 104
m 0 3
m 0 13
1 9 8
2 7 0
3 9 10
t 20 104
m 0 3
m 0 13
1 9 9
2 8 0
3 9 11
t 19 104
m 0 4
m 0 13
1 9 8
2 7 0
3 9 10
t 18 104
m 0 5
m 0 13
1 9 9
2 8 0
3 9 11
t 17 104
m 0 5
m 0 13
1 9 10
2 7 0
3 9 10
t 16 104
m 0 5
m 0 13
1 9 9
2 8 0
3 9 11
t 15 104
m 0 6
m 0 13
1 9 10
2 7 0
3 9 10
t 14 104
m 0 5
m 0 13
1 9 9
2 8 0
3 9 11
t 13 104
m 0 5
m 0 13
1 9 10
2 7 0
3 9 10
t 12 104
m 0 6
m 0 13
1 9 9
2 8 0
3 9 11
t 11 104
m 0 5
m 0 13
1 9 10
2 7 0
3 9 10
t 10 104
m 0 4
m 0 13
1 9 9
2 8 0
3 9 11
t 9 104
m 0 4
m 0 13
1 9 8
2 7 0
3 9 10
t 8 104
m 0 5
m 0 13
1 9 9
2 8 0
3 9 11
t 7 104
m 0 4
m 0 13
1 9 8
2 7 0
3 9 10
t 6 104
m 0 5
m 0 13
1 9 9
2 8 0
3 9 11
t 5 104
m 0 4
m 0 13
1 9 8
2 7 0
3 9 10
t 4 104
m 0 5
m 0 13
1 9 9
2 8 0
3 9 11
t 3 104
m 0 6
m 0 13
1 9 10
2 7 0
3 9 10
t 2 104
m 0 6
m 0 13
1 9 9
2 8 0
3 9 11
t 1 104
m 0 6
m 0 13
1 9 10
2 7 0
3 9 10
t 0 104
