10
15
m 0 14
1 9 0
2 9 0
3 9 0
w 9 1
w 9 5
w 9 6
w 9 7
w 6 2
w 3 9
w 3 10
w 3 11
w 3 14
w 7 5
w 7 7
w 4 14
w 1 7
w 1 9
w 1 10
w 1 11
w 1 14
w 8 5
w 8 6
w 8 7
w 8 10
w 8 11
w 8 12
w 8 13
w 8 14
w 5 2
w 5 4
w 5 11
w 5 14
w 2 9
w 2 10
w 2 11
w 2 14
p 3 0
p 3 1
p 3 2
p 3 3
p 7 1
p 7 2
p 7 4
p 3 7
p 7 6
p 7 8
p 7 9
p 7 10
p 3 12
p 3 13
p 7 11
p 7 12
p 7 13
p 7 14
p 5 6
p 0 0
p 0 1
p 0 2
p 4 0
p 4 2
p 4 4
p 8 2
p 0 7
p 4 8
p 4 9
p 4 10
p 4 11
p 0 12
p 8 9
p 9 0
p 1 0
p 9 2
p 1 2
p 1 3
p 1 4
p 5 1
p 5 3
p 9 8
p 9 9
p 9 10
p 9 11
p 1 8
p 9 13
p 9 14
p 1 13
p 5 10
p 6 0
p 6 1
p 2 0
p 6 3
p 2 1
p 6 5
p 6 6
p 2 3
p 2 4
p 2 5
p 2 8
p 6 12
t 300 0
m 0 13
1 8 0
2 8 0
3 8 0
f 3 6
t 299 940
m 0 12
1 8 1
2 8 1
3 8 1
t 298 941
m 0 11
1 7 1
2 7 1
3 7 1
t 297 941
m 0 10
1 7 2
2 7 0
3 7 0
t 296 941
m 0 9
1 7 3
2 7 1
3 7 1
t 295 941
m 0 8
1 7 4
2 7 0
3 7 2
t 294 941
m 0 7
1 7 3
2 7 1
3 7 1
t 293 943
m 0 6
1 7 2
2 7 0
3 7 0
t 292 943
m 1 6
1 7 1
2 7 1
3 7 1
t 291 943
m 2 6
1 7 0
2 7 2
3 7 0
t 290 943
m 3 6
1 7 1
2 7 3
3 7 1
t 289 953
m 3 6
1 7 2
2 7 2
3 7 2
t 288 953
m 3 6
1 8 2
2 8 2
3 8 2
t 287 953
m 3 6
1 7 2
2 7 2
3 9 2
t 286 953
m 3 6
1 8 2
2 8 2
3 8 2
t 285 953
m 2 6
1 8 3
2 8 1
3 8 1
f 0 3
t 284 953
m 1 6
1 8 2
2 8 0
3 8 0
t 283 953
m 0 6
1 8 3
2 8 1
3 8 1
t 282 953
m 0 5
1 8 2
2 8 0
3 8 2
t 281 953
m 0 4
1 8 3
2 8 1
3 8 1
t 280 953
m 0 3
1 8 2
2 8 0
3 8 2
t 279 963
m 0 3
1 8 3
2 8 1
3 8 1
t 278 963
m 0 3
1 8 2
2 8 0
3 8 2
t 277 963
m 0 3
1 8 1
2 8 1
3 8 3
t 276 963
m 0 3
1 8 2
2 8 0
3 8 2
t 275 963
m 0 3
1 8 3
2 8 1
3 8 1
t 274 963
m 0 3
1 8 4
2 8 0
3 8 2
t 273 963
m 0 3
1 8 3
2 8 1
3 8 1
t 272 963
m 0 3
1 8 2
2 8 0
3 8 2
t 271 963
m 0 3
1 8 1
2 8 1
3 8 3
t 270 963
m 0 3
1 8 2
2 8 0
3 8 2
t 269 963
m 0 3
1 8 1
2 8 1
3 8 3
t 268 963
m 0 3
1 8 0
2 8 2
3 8 2
t 267 963
m 0 3
1 8 1
2 8 1
3 8 1
t 266 963
m 0 3
1 7 1
2 7 1
3 7 1
t 265 963
m 0 3
1 6 1
2 6 1
3 8 1
t 264 963
m 0 3
1 7 1
2 7 1
3 7 1
t 263 963
m 0 3
1 7 0
2 7 2
3 7 2
t 262 963
m 0 3
1 7 1
2 7 3
3 7 1
t 261 963
m 0 3
1 7 0
2 7 4
3 7 0
t 260 963
m 0 3
1 7 1
2 7 3
3 7 1
t 259 963
m 0 3
1 7 2
2 7 2
3 7 2
t 258 963
m 0 3
1 8 2
2 8 2
3 8 2
t 257 963
m 0 3
1 7 2
2 7 2
3 7 2
t 256 963
m 0 3
1 8 2
2 8 2
3 8 2
t 255 963
m 0 3
1 9 2
2 7 2
3 7 2
t 254 963
m 0 3
1 8 2
2 8 2
3 8 2
t 253 963
m 1 3
1 9 2
2 9 2
3 9 2
f 9 3
t 252 964
m 2 3
1 9 3
2 9 3
3 9 3
t 251 966
m 3 3
1 9 2
2 9 2
3 9 2
t 250 968
m 4 3
1 8 2
2 8 2
3 8 2
t 249 968
m 5 3
1 8 3
2 8 1
3 8 1
t 248 969
m 6 3
1 8 2
2 8 0
3 8 2
t 247 971
m 7 3
1 8 3
2 8 1
3 8 1
t 246 971
m 8 3
1 8 4
2 8 0
3 8 2
t 245 971
m 9 3
1 8 3
2 8 1
3 8 1
t 244 981
m 9 3
1 8 2
2 8 2
3 8 0
t 243 981
m 9 3
1 8 3
2 8 3
3 8 1
t 242 981
m 9 3
1 8 2
2 8 4
3 8 2
t 241 981
m 9 3
1 8 1
2 8 3
3 8 3
t 240 981
m 9 4
1 8 0
2 8 4
3 8 2
f 0 11
t 239 981
m 8 4
1 8 1
2 8 3
3 8 3
t 238 981
m 7 4
1 8 2
2 8 4
3 8 2
t 237 982
m 6 4
1 8 3
2 8 3
3 8 1
t 236 982
m 6 5
1 8 2
2 8 2
3 8 2
t 235 984
m 6 6
1 8 3
2 8 3
3 8 3
t 234 986
m 6 7
1 7 3
2 9 3
3 7 3
t 233 986
m 6 8
1 8 3
2 8 3
3 6 3
t 232 986
m 6 9
1 9 3
2 7 3
3 5 3
t 231 986
m 6 10
1 8 3
2 8 3
3 6 3
t 230 986
m 6 11
1 7 3
2 9 3
3 5 3
t 229 986
m 6 11
1 8 3
2 8 3
3 6 3
t 228 986
m 6 11
1 9 3
2 9 3
3 7 3
t 227 986
m 6 11
1 8 3
2 8 3
3 6 3
t 226 986
m 6 11
1 7 3
2 9 3
3 7 3
t 225 986
m 6 11
1 6 3
2 8 3
3 6 3
t 224 986
m 6 11
1 7 3
2 7 3
3 5 3
t 223 986
m 6 11
1 6 3
2 6 3
3 4 3
t 222 986
m 6 11
1 5 3
2 7 3
3 3 3
t 221 986
m 6 11
1 6 3
2 8 3
3 2 3
t 220 986
m 6 11
1 7 3
2 7 3
3 1 3
t 219 986
m 6 11
1 8 3
2 8 3
3 2 3
t 218 986
m 6 11
1 7 3
2 9 3
3 1 3
t 217 986
m 6 11
1 8 3
2 8 3
3 0 3
t 216 986
m 6 11
1 9 3
2 9 3
3 1 3
t 215 986
m 6 11
1 8 3
2 8 3
3 0 3
t 214 986
m 6 11
1 7 3
2 9 3
3 1 3
t 213 986
m 6 11
1 6 3
2 8 3
3 0 3
t 212 986
m 6 11
1 5 3
2 9 3
3 1 3
t 211 986
m 6 11
1 4 3
2 8 3
3 0 3
t 210 986
m 6 11
1 5 3
2 9 3
3 1 3
t 209 986
m 6 11
1 6 3
2 8 3
3 2 3
t 208 986
m 6 11
1 7 3
2 7 3
3 1 3
t 207 986
m 6 11
1 6 3
2 8 3
3 0 3
t 206 986
m 6 11
1 7 3
2 7 3
3 1 3
t 205 986
m 6 11
1 8 3
2 6 3
3 2 3
t 204 986
m 6 11
1 7 3
2 5 3
3 3 3
t 203 986
m 6 11
1 6 3
2 4 3
3 2 3
t 202 986
m 6 11
1 7 3
2 5 3
3 1 3
t 201 986
m 6 11
1 8 3
2 4 3
3 2 3
t 200 986
m 6 11
1 9 3
2 3 3
3 3 3
t 199 986
m 6 11
1 8 3
2 4 3
3 4 3
t 198 986
m 6 11
1 9 3
2 3 3
3 3 3
t 197 986
m 6 11
1 8 3
2 2 3
3 2 3
t 196 986
m 6 11
1 9 3
2 3 3
3 1 3
t 195 986
m 6 11
1 8 3
2 4 3
3 2 3
t 194 986
m 6 11
1 9 3
2 3 3
3 3 3
t 193 986
m 6 11
1 8 3
2 2 3
3 2 3
t 192 986
m 6 11
1 9 3
2 3 3
3 1 3
t 191 986
m 6 11
1 8 3
2 2 3
3 0 3
t 190 986
m 6 11
1 9 3
2 1 3
3 1 3
t 189 986
m 6 11
1 8 3
2 0 3
3 2 3
t 188 986
m 6 11
1 9 3
2 1 3
3 3 3
t 187 986
m 6 11
1 8 3
2 2 3
3 2 3
t 186 986
m 6 11
1 7 3
2 3 3
3 3 3
t 185 986
m 6 11
1 8 3
2 4 3
3 2 3
t 184 986
m 6 11
1 9 3
2 3 3
3 3 3
t 183 986
m 6 11
1 8 3
2 4 3
3 2 3
t 182 986
m 6 11
1 7 3
2 5 3
3 1 3
t 181 986
m 6 11
1 6 3
2 4 3
3 2 3
t 180 986
m 6 11
1 5 3
2 5 3
3 3 3
t 179 986
m 6 11
1 4 3
2 4 3
3 4 3
t 178 986
m 6 11
1 5 3
2 3 3
3 3 3
t 177 986
m 6 11
1 4 3
2 2 3
3 4 3
t 176 986
m 6 11
1 3 3
2 3 3
3 5 3
t 175 986
m 6 11
1 2 3
2 4 3
3 6 3
t 174 986
m 6 11
1 1 3
2 5 3
3 5 3
t 173 986
m 6 11
1 0 3
2 6 3
3 4 3
t 172 986
m 6 11
1 1 3
2 5 3
3 3 3
t 171 986
m 6 11
1 0 3
2 4 3
3 2 3
t 170 986
m 6 11
1 1 3
2 5 3
3 1 3
t 169 986
m 6 11
1 0 3
2 4 3
3 2 3
t 168 986
m 6 11
1 1 3
2 3 3
3 3 3
t 167 986
m 6 11
1 0 3
2 4 3
3 2 3
t 166 986
m 6 11
1 1 3
2 3 3
3 3 3
t 165 986
m 6 11
1 0 3
2 4 3
3 2 3
t 164 986
m 6 11
1 1 3
2 5 3
3 1 3
t 163 986
m 6 11
1 2 3
2 4 3
3 0 3
t 162 986
m 6 11
1 3 3
2 3 3
3 1 3
t 161 986
m 6 11
1 2 3
2 2 3
3 2 3
t 160 986
m 6 11
1 3 3
2 3 3
3 3 3
t 159 986
m 6 11
1 4 3
2 2 3
3 4 3
t 158 986
m 6 11
1 3 3
2 3 3
3 5 3
t 157 986
m 6 11
1 4 3
2 2 3
3 4 3
t 156 986
m 6 11
1 5 3
2 3 3
3 5 3
t 155 986
m 6 11
1 4 3
2 2 3
3 6 3
t 154 986
m 6 11
1 3 3
2 1 3
3 5 3
t 153 986
m 6 11
1 2 3
2 2 3
3 6 3
t 152 986
m 6 11
1 3 3
2 1 3
3 7 3
t 151 986
m 6 11
1 4 3
2 0 3
3 8 3
t 150 986
m 6 11
1 5 3
2 1 3
3 9 3
t 149 986
m 6 11
1 6 3
2 2 3
3 8 3
t 148 986
m 6 11
1 5 3
2 3 3
3 7 3
t 147 986
m 6 11
1 6 3
2 2 3
3 8 3
t 146 986
m 6 11
1 5 3
2 3 3
3 7 3
t 145 986
m 6 11
1 6 3
2 2 3
3 6 3
t 144 986
m 6 11
1 5 3
2 1 3
3 7 3
t 143 986
m 6 11
1 4 3
2 0 3
3 8 3
t 142 986
m 6 11
1 5 3
2 1 3
3 7 3
t 141 986
m 6 11
1 4 3
2 2 3
3 8 3
t 140 986
m 6 11
1 5 3
2 1 3
3 9 3
t 139 986
m 6 11
1 4 3
2 2 3
3 8 3
t 138 986
m 6 11
1 5 3
2 3 3
3 9 3
t 137 986
m 6 11
1 6 3
2 4 3
3 8 3
t 136 986
m 6 11
1 5 3
2 3 3
3 7 3
t 135 986
m 6 11
1 6 3
2 4 3
3 6 3
t 134 986
m 6 11
1 7 3
2 5 3
3 5 3
t 133 986
m 6 11
1 6 3
2 4 3
3 4 3
t 132 986
m 6 11
1 7 3
2 3 3
3 5 3
t 131 986
m 6 11
1 6 3
2 2 3
3 4 3
t 130 986
m 6 11
1 5 3
2 1 3
3 5 3
t 129 986
m 6 11
1 6 3
2 0 3
3 6 3
t 128 986
m 6 11
1 5 3
2 1 3
3 5 3
t 127 986
m 6 11
1 4 3
2 2 3
3 6 3
t 126 986
m 6 11
1 5 3
2 1 3
3 7 3
t 125 986
m 6 11
1 6 3
2 0 3
3 8 3
t 124 986
m 6 11
1 5 3
2 1 3
3 7 3
t 123 986
m 6 11
1 4 3
2 2 3
3 6 3
t 122 986
m 6 11
1 3 3
2 3 3
3 7 3
t 121 986
m 6 11
1 2 3
2 2 3
3 8 3
t 120 986
m 6 11
1 3 3
2 3 3
3 7 3
t 119 986
m 6 11
1 2 3
2 4 3
3 8 3
t 118 986
m 6 11
1 3 3
2 3 3
3 7 3
t 117 986
m 6 11
1 2 3
2 4 3
3 6 3
t 116 986
m 6 11
1 3 3
2 3 3
3 5 3
t 115 986
m 6 11
1 2 3
2 2 3
3 6 3
t 114 986
m 6 11
1 3 3
2 1 3
3 7 3
t 113 986
m 6 11
1 4 3
2 0 3
3 8 3
t 112 986
m 6 11
1 3 3
2 1 3
3 9 3
t 111 986
m 6 11
1 4 3
2 2 3
3 8 3
t 110 986
m 6 11
1 5 3
2 1 3
3 7 3
t 109 986
m 6 11
1 6 3
2 0 3
3 8 3
t 108 986
m 6 11
1 5 3
2 1 3
3 9 3
t 107 986
m 6 11
1 4 3
2 2 3
3 8 3
t 106 986
m 6 11
1 3 3
2 3 3
3 7 3
t 105 986
m 6 11
1 4 3
2 4 3
3 8 3
t 104 986
m 6 11
1 3 3
2 3 3
3 7 3
t 103 986
m 6 11
1 4 3
2 4 3
3 6 3
t 102 986
m 6 11
1 5 3
2 5 3
3 7 3
t 101 986
m 6 11
1 6 3
2 6 3
3 8 3
t 100 986
m 6 11
1 7 3
2 5 3
3 7 3
t 99 986
m 6 11
1 6 3
2 6 3
3 6 3
t 98 986
m 6 11
1 7 3
2 7 3
3 5 3
t 97 986
m 6 11
1 8 3
2 8 3
3 4 3
t 96 986
m 6 11
1 7 3
2 9 3
3 3 3
t 95 986
m 6 11
1 6 3
2 8 3
3 4 3
t 94 986
m 6 11
1 5 3
2 9 3
3 5 3
t 93 986
m 6 11
1 4 3
2 8 3
3 4 3
t 92 986
m 6 11
1 5 3
2 7 3
3 5 3
t 91 986
m 6 11
1 6 3
2 8 3
3 6 3
t 90 986
m 6 11
1 7 3
2 9 3
3 7 3
t 89 986
m 6 11
1 8 3
2 8 3
3 8 3
t 88 986
m 6 11
1 8 4
2 8 2
3 8 2
t 87 986
m 6 11
1 8 3
2 8 3
3 8 3
t 86 986
m 6 11
1 8 2
2 8 2
3 8 4
t 85 986
m 6 11
1 8 1
2 8 3
3 8 3
t 84 986
m 6 11
1 8 0
2 8 2
3 8 4
t 83 986
m 6 11
1 8 1
2 8 3
3 8 3
t 82 986
m 6 11
1 8 2
2 8 2
3 8 4
t 81 986
m 6 11
1 8 3
2 8 1
3 8 3
t 80 986
m 6 11
1 8 2
2 8 2
3 8 2
t 79 986
m 6 11
1 7 2
2 7 2
3 7 2
t 78 986
m 6 11
1 8 2
2 8 2
3 8 2
t 77 986
m 6 11
1 7 2
2 9 2
3 9 2
t 76 986
m 6 11
1 8 2
2 8 2
3 8 2
t 75 986
m 6 11
1 8 1
2 8 1
3 8 3
t 74 986
m 6 11
1 8 2
2 8 0
3 8 4
t 73 986
m 6 11
1 8 1
2 8 1
3 8 3
t 72 986
m 6 11
1 8 2
2 8 2
3 8 4
t 71 986
m 6 11
1 8 3
2 8 1
3 8 3
t 70 986
m 6 11
1 8 4
2 8 2
3 8 2
t 69 986
m 6 11
1 8 3
2 8 1
3 8 1
t 68 986
m 6 11
1 8 4
2 8 2
3 8 0
t 67 986
m 6 11
1 8 3
2 8 1
3 8 1
t 66 986
m 6 11
1 8 4
2 8 0
3 8 2
t 65 986
m 6 11
1 8 3
2 8 1
3 8 1
t 64 986
m 6 11
1 8 2
2 8 0
3 8 0
t 63 986
m 6 11
1 8 1
2 8 1
3 8 1
t 62 986
m 6 11
1 8 2
2 8 0
3 8 2
t 61 986
m 6 11
1 8 3
2 8 1
3 8 3
t 60 986
m 6 11
1 8 2
2 8 0
3 8 4
t 59 986
m 6 11
1 8 3
2 8 1
3 8 3
t 58 986
m 6 11
1 8 2
2 8 0
3 8 4
t 57 986
m 6 11
1 8 3
2 8 1
3 8 3
t 56 986
m 6 11
1 8 4
2 8 2
3 8 2
t 55 986
m 6 11
1 8 3
2 8 3
3 8 3
t 54 986
m 6 11
1 8 4
2 8 2
3 8 4
t 53 986
m 6 11
1 8 3
2 8 1
3 8 3
t 52 986
m 6 11
1 8 4
2 8 2
3 8 4
t 51 986
m 6 11
1 8 3
2 8 1
3 8 3
t 50 986
m 6 11
1 8 2
2 8 0
3 8 2
t 49 986
m 6 11
1 8 3
2 8 1
3 8 3
t 48 986
m 6 11
1 8 4
2 8 0
3 8 2
t 47 986
m 6 11
1 8 3
2 8 1
3 8 3
t 46 986
m 6 11
1 8 2
2 8 2
3 8 4
t 45 986
m 6 11
1 8 1
2 8 3
3 8 3
t 44 986
m 6 11
1 8 0
2 8 2
3 8 2
t 43 986
m 6 11
1 8 1
2 8 1
3 8 1
t 42 986
m 6 11
1 8 2
2 8 0
3 8 0
t 41 986
m 6 11
1 8 1
2 8 1
3 8 1
t 40 986
m 6 11
1 8 2
2 8 0
3 8 2
t 39 986
m 6 11
1 8 3
2 8 1
3 8 3
t 38 986
m 6 11
1 8 2
2 8 2
3 8 4
t 37 986
m 6 11
1 8 3
2 8 3
3 8 3
t 36 986
m 6 11
1 9 3
2 9 3
3 7 3
t 35 986
m 6 11
1 8 3
2 8 3
3 8 3
t 34 986
m 6 11
1 7 3
2 9 3
3 9 3
t 33 986
m 6 11
1 6 3
2 8 3
3 8 3
t 32 986
m 6 11
1 7 3
2 7 3
3 7 3
t 31 986
m 6 11
1 7 4
2 7 2
3 7 4
t 30 986
m 6 11
1 7 3
2 7 1
3 7 3
t 29 986
m 6 11
1 7 4
2 7 0
3 7 2
t 28 986
m 6 11
1 7 3
2 7 1
3 7 3
t 27 986
m 6 11
1 7 2
2 7 0
3 7 2
t 26 986
m 6 11
1 7 1
2 7 1
3 7 1
t 25 986
m 6 11
1 7 2
2 7 0
3 7 2
t 24 986
m 6 11
1 7 1
2 7 1
3 7 3
t 23 986
m 6 11
1 7 0
2 7 0
3 7 4
t 22 986
m 6 11
1 7 1
2 7 1
3 7 3
t 21 986
m 6 11
1 7 2
2 7 2
3 7 4
t 20 986
m 6 11
1 7 3
2 7 1
3 7 3
t 19 986
m 6 11
1 7 4
2 7 2
3 7 4
t 18 986
m 6 11
1 7 3
2 7 3
3 7 3
t 17 986
m 6 11
1 8 3
2 8 3
3 8 3
t 16 986
m 6 11
1 7 3
2 7 3
3 9 3
t 15 986
m 6 11
1 8 3
2 6 3
3 8 3
t 14 986
m 6 11
1 9 3
2 7 3
3 9 3
t 13 986
m 6 11
1 8 3
2 6 3
3 8 3
t 12 986
m 6 11
1 9 3
2 5 3
3 7 3
t 11 986
m 6 11
1 8 3
2 6 3
3 6 3
t 10 986
m 6 11
1 7 3
2 7 3
3 5 3
t 9 986
m 6 11
1 6 3
2 8 3
3 4 3
t 8 986
m 6 11
1 7 3
2 7 3
3 3 3
t 7 986
m 6 11
1 6 3
2 8 3
3 4 3
t 6 986
m 6 11
1 5 3
2 9 3
3 3 3
t 5 986
m 6 11
1 6 3
2 8 3
3 4 3
t 4 986
m 6 11
1 5 3
2 7 3
3 5 3
t 3 986
m 6 11
1 4 3
2 6 3
3 4 3
t 2 986
m 6 11
1 5 3
2 5 3
3 5 3
t 1 986
m 6 11
1 4 3
2 4 3
3 4 3
t 0 986
