10
15
m 0 14
m 0 14
1 9 0
2 9 0
3 9 0
w 9 1
w 9 2
w 9 3
w 9 6
w 9 9
w 6 1
w 6 2
w 6 6
w 6 9
w 3 2
w 3 3
w 3 4
w 3 7
w 7 6
w 7 12
w 7 13
w 1 6
w 1 7
w 1 10
w 1 11
w 1 12
w 8 1
w 8 2
w 8 3
w 8 6
w 8 9
w 8 10
w 8 12
w 8 13
w 5 6
w 5 10
w 5 12
w 2 2
w 2 3
w 2 4
w 2 10
p 7 0
p 3 1
p 7 1
p 7 2
p 3 5
p 7 5
p 7 7
p 3 8
p 7 8
p 3 10
p 3 11
p 7 9
p 3 13
p 3 14
p 8 7
p 8 0
p 0 1
p 0 2
p 4 3
p 0 4
p 8 5
p 0 6
p 4 6
p 0 8
p 0 9
p 0 10
p 0 11
p 0 12
p 4 7
p 4 10
p 4 12
p 4 13
p 8 8
p 8 11
p 1 0
p 1 1
p 1 2
p 5 0
p 9 4
p 9 5
p 1 5
p 9 7
p 9 8
p 1 8
p 9 10
p 9 11
p 5 4
p 9 13
p 1 13
p 1 14
p 5 7
p 5 8
p 5 11
p 6 3
p 6 5
p 6 8
p 2 8
p 6 10
p 2 9
p 6 12
p 6 13
p 6 14
p 2 12
p 2 14
t 300 0
m 1 14
m 0 13
1 9 0
2 9 0
3 9 0
t 299 1
m 2 14
m 0 12
1 9 0
2 9 0
3 9 0
f 1 9
t 298 4
m 2 13
m 0 11
1 9 0
2 9 0
3 9 0
t 297 6
m 2 13
m 0 10
1 9 0
2 9 0
3 9 0
t 296 7
m 2 13
m 0 9
1 9 0
2 9 0
3 9 0
t 295 9
m 1 13
m 1 9
1 9 0
2 9 0
3 9 0
t 294 20
m 1 13
m 2 9
1 9 0
2 9 0
3 9 0
t 293 22
m 2 13
m 2 9
1 9 0
2 9 0
3 9 0
t 292 22
m 3 13
m 1 9
1 9 0
2 9 0
3 9 0
t 291 24
m 4 13
m 0 9
1 9 0
2 9 0
3 9 0
t 290 25
m 4 12
m 0 9
1 9 0
2 9 0
3 9 0
t 289 27
m 4 13
m 0 10
1 9 0
2 9 0
3 9 0
t 288 27
m 3 13
m 0 10
1 9 0
2 9 0
3 9 0
t 287 27
m 3 13
m 0 11
1 9 0
2 9 0
3 9 0
t 286 27
m 3 14
m 0 11
1 9 0
2 9 0
3 9 0
t 285 28
m 3 14
m 0 11
1 9 0
2 9 0
3 9 0
t 284 28
m 2 14
m 0 10
1 9 0
2 9 0
3 9 0
t 283 28
m 1 14
m 0 11
1 9 0
2 9 0
3 9 0
t 282 28
m 1 13
m 0 10
1 9 0
2 9 0
3 9 0
t 281 28
m 1 14
m 0 10
1 9 0
2 9 0
3 9 0
t 280 28
m 2 14
m 0 9
1 9 0
2 9 0
3 9 0
t 279 28
m 3 14
m 0 10
1 9 0
2 9 0
3 9 0
t 278 28
m 3 13
m 0 9
1 9 0
2 9 0
3 9 0
t 277 28
m 2 13
m 0 9
1 9 0
2 9 0
3 9 0
t 276 28
m 2 14
m 0 8
1 9 0
2 9 0
3 9 0
t 275 30
m 3 14
m 0 8
1 9 0
2 9 0
3 9 0
t 274 30
m 3 14
m 0 9
1 9 0
2 9 0
3 9 0
t 273 30
m 3 14
m 0 9
1 9 0
2 9 0
3 9 0
t 272 30
m 2 14
m 0 9
1 9 0
2 9 0
3 9 0
t 271 30
m 2 14
m 0 9
1 9 0
2 9 0
3 9 0
t 270 30
m 2 14
m 0 8
1 9 0
2 9 0
3 9 0
t 269 30
m 3 14
m 0 9
1 9 0
2 9 0
3 9 0
t 268 30
m 3 14
m 0 8
1 9 0
2 9 0
3 9 0
f 0 5
t 267 30
m 3 13
m 1 8
1 9 0
2 9 0
3 9 0
t 266 31
m 3 12
m 0 8
1 9 0
2 9 0
3 9 0
t 265 31
m 3 11
m 0 9
1 9 0
2 9 0
3 9 0
t 264 33
m 2 11
m 0 8
1 9 0
2 9 0
3 9 0
t 263 33
m 2 12
m 0 7
1 9 0
2 9 0
3 9 0
t 262 35
m 2 13
m 0 6
1 9 0
2 9 0
3 9 0
t 261 36
m 1 13
m 0 5
1 9 0
2 9 0
3 9 0
t 260 46
m 1 13
m 0 6
1 9 0
2 9 0
3 9 0
t 259 46
m 0 13
m 0 5
1 9 0
2 9 0
3 9 0
t 258 46
m 0 12
m 0 5
1 9 0
2 9 0
3 9 0
t 257 46
m 0 13
m 0 5
1 9 0
2 9 0
3 9 0
t 256 46
m 1 13
m 0 4
1 9 0
2 9 0
3 9 0
t 255 48
m 2 13
m 0 4
1 9 0
2 9 0
3 9 0
t 254 48
m 1 13
m 0 4
1 9 0
2 9 0
3 9 0
t 253 48
m 0 13
m 0 4
1 9 0
2 9 0
3 9 0
t 252 48
m 1 13
m 0 3
1 9 0
2 9 0
3 9 0
t 251 48
m 1 13
m 0 2
1 9 0
2 9 0
3 9 0
t 250 49
m 1 14
m 1 2
1 9 0
2 9 0
3 9 0
t 249 51
m 1 13
m 0 2
1 9 0
2 9 0
3 9 0
t 248 51
m 1 13
m 0 1
1 9 0
2 9 0
3 9 0
t 247 52
m 0 13
m 0 2
1 9 0
2 9 0
3 9 0
t 246 52
m 1 13
m 0 1
1 9 0
2 9 0
3 9 0
t 245 52
m 1 13
m 1 1
1 9 0
2 9 0
3 9 0
t 244 54
m 1 13
m 1 0
1 9 0
2 9 0
3 9 0
t 243 55
m 2 13
m 1 0
1 9 0
2 9 0
3 9 0
t 242 55
m 2 12
m 2 0
1 9 0
2 9 0
3 9 0
t 241 55
m 2 11
m 3 0
1 9 0
2 9 0
3 9 0
t 240 55
m 3 11
m 3 0
1 9 0
2 9 0
3 9 0
t 239 55
m 4 11
m 3 0
1 9 0
2 9 0
3 9 0
t 238 55
m 5 11
m 2 0
1 9 0
2 9 0
3 9 0
t 237 57
m 4 11
m 2 1
1 9 0
2 9 0
3 9 0
t 236 57
m 4 11
m 2 0
1 9 0
2 9 0
3 9 0
t 235 57
m 3 11
m 3 0
1 9 0
2 9 0
3 9 0
t 234 57
m 3 10
m 3 0
1 9 0
2 9 0
3 9 0
t 233 59
m 4 10
m 3 0
1 9 0
2 9 0
3 9 0
t 232 60
m 4 11
m 2 0
1 9 0
2 9 0
3 9 0
t 231 60
m 4 10
m 1 0
1 9 0
2 9 0
3 9 0
t 230 60
m 4 10
m 2 0
1 9 0
2 9 0
3 9 0
t 229 60
m 4 11
m 1 0
1 9 0
2 9 0
3 9 0
t 228 60
m 4 10
m 0 0
1 9 0
2 9 0
3 9 0
t 227 60
m 4 10
m 1 0
1 9 0
2 9 0
3 9 0
t 226 60
m 4 11
m 1 1
1 9 0
2 9 0
3 9 0
t 225 60
m 5 11
m 1 2
1 9 0
2 9 0
3 9 0
t 224 60
m 5 11
m 1 2
1 9 0
2 9 0
3 9 0
t 223 60
m 5 11
m 1 1
1 9 0
2 9 0
3 9 0
t 222 60
m 5 11
m 1 1
1 9 0
2 9 0
3 9 0
t 221 60
m 4 11
m 2 1
1 9 0
2 9 0
3 9 0
t 220 60
m 4 10
m 2 0
1 9 0
2 9 0
3 9 0
t 219 60
m 4 9
m 2 0
1 9 0
2 9 0
3 9 0
t 218 60
m 4 8
m 1 0
1 9 0
2 9 0
3 9 0
t 217 70
m 4 9
m 2 0
1 9 0
2 9 0
3 9 0
t 216 70
m 3 9
m 2 0
1 9 0
2 9 0
3 9 0
t 215 70
m 3 10
m 2 0
1 9 0
2 9 0
3 9 0
t 214 70
m 3 10
m 1 0
1 9 0
2 9 0
3 9 0
t 213 70
m 3 10
m 0 0
1 9 0
2 9 0
3 9 0
t 212 70
m 4 10
m 1 0
1 9 0
2 9 0
3 9 0
t 211 70
m 4 10
m 2 0
1 9 0
2 9 0
3 9 0
t 210 70
m 4 9
m 2 1
1 9 0
2 9 0
3 9 0
t 209 70
m 5 9
m 1 1
1 9 0
2 9 0
3 9 0
t 208 70
m 5 8
m 0 1
1 9 0
2 9 0
3 9 0
t 207 72
m 5 9
m 0 2
1 9 0
2 9 0
3 9 0
t 206 72
m 4 9
m 0 1
1 9 0
2 9 0
3 9 0
t 205 72
m 4 8
m 0 2
1 9 0
2 9 0
3 9 0
t 204 72
m 4 8
m 0 2
1 9 0
2 9 0
3 9 0
t 203 72
m 4 9
m 1 2
1 9 0
2 9 0
3 9 0
f 0 11
t 202 72
m 4 8
m 0 2
1 9 0
2 9 0
3 9 0
t 201 72
m 4 7
m 0 2
1 9 0
2 9 0
3 9 0
t 200 73
m 5 7
m 0 3
1 9 0
2 9 0
3 9 0
t 199 75
m 5 8
m 0 2
1 9 0
2 9 0
3 9 0
t 198 75
m 5 9
m 0 3
1 9 0
2 9 0
3 9 0
t 197 75
m 4 9
m 0 4
1 9 0
2 9 0
3 9 0
t 196 75
m 3 9
m 0 3
1 9 0
2 9 0
3 9 0
t 195 75
m 3 8
m 0 2
1 9 0
2 9 0
3 9 0
t 194 76
m 3 9
m 0 3
1 9 0
2 9 0
3 9 0
t 193 76
m 3 10
m 0 4
1 9 0
2 9 0
3 9 0
t 192 76
m 3 11
m 0 4
1 9 0
2 9 0
3 9 0
t 191 76
m 2 11
m 1 4
1 9 0
2 9 0
3 9 0
t 190 76
m 2 12
m 0 4
1 9 0
2 9 0
3 9 0
t 189 76
m 2 11
m 0 3
1 9 0
2 9 0
3 9 0
t 188 76
m 2 12
m 1 3
1 9 0
2 9 0
3 9 0
t 187 76
m 2 11
m 1 4
1 9 0
2 9 0
3 9 0
t 186 76
m 3 11
m 1 5
1 9 0
2 9 0
3 9 0
t 185 78
m 4 11
m 1 4
1 9 0
2 9 0
3 9 0
t 184 78
m 3 11
m 1 3
1 9 0
2 9 0
3 9 0
t 183 78
m 4 11
m 1 2
1 9 0
2 9 0
3 9 0
t 182 78
m 4 12
m 1 3
1 9 0
2 9 0
3 9 0
t 181 78
m 3 12
m 1 2
1 9 0
2 9 0
3 9 0
t 180 78
m 2 12
m 1 2
1 9 0
2 9 0
3 9 0
t 179 78
m 2 12
m 1 3
1 9 0
2 9 0
3 9 0
t 178 78
m 2 13
m 1 3
1 9 0
2 9 0
3 9 0
t 177 78
m 3 13
m 0 3
1 9 0
2 9 0
3 9 0
t 176 78
m 3 14
m 0 3
1 9 0
2 9 0
3 9 0
t 175 78
m 2 14
m 0 3
1 9 0
2 9 0
3 9 0
t 174 78
m 2 13
m 1 3
1 9 0
2 9 0
3 9 0
t 173 78
m 3 13
m 1 4
1 9 0
2 9 0
3 9 0
t 172 78
m 3 14
m 0 4
1 9 0
2 9 0
3 9 0
t 171 78
m 2 14
m 0 5
1 9 0
2 9 0
3 9 0
t 170 78
m 2 14
m 0 6
1 9 0
2 9 0
3 9 0
t 169 78
m 2 13
m 0 7
1 9 0
2 9 0
3 9 0
t 168 78
m 3 13
m 0 6
1 9 0
2 9 0
3 9 0
t 167 78
m 3 12
m 0 7
1 9 0
2 9 0
3 9 0
t 166 78
m 3 13
m 0 7
1 9 0
2 9 0
3 9 0
t 165 78
m 2 13
m 0 6
1 9 0
2 9 0
3 9 0
t 164 78
m 1 13
m 0 5
1 9 0
2 9 0
3 9 0
t 163 78
m 1 14
m 0 6
1 9 0
2 9 0
3 9 0
t 162 78
m 2 14
m 0 7
1 9 0
2 9 0
3 9 0
t 161 78
m 3 14
m 0 8
1 9 0
2 9 0
3 9 0
t 160 78
m 2 14
m 1 8
1 9 0
2 9 0
3 9 0
t 159 78
m 2 14
m 2 8
1 9 0
2 9 0
3 9 0
t 158 80
m 2 13
m 2 9
1 9 0
2 9 0
3 9 0
t 157 80
m 2 12
m 1 9
1 9 0
2 9 0
3 9 0
t 156 80
m 3 12
m 1 8
1 9 0
2 9 0
3 9 0
t 155 80
m 3 11
m 2 8
1 9 0
2 9 0
3 9 0
t 154 80
m 3 10
m 1 8
1 9 0
2 9 0
3 9 0
t 153 80
m 4 10
m 0 8
1 9 0
2 9 0
3 9 0
t 152 80
m 3 10
m 1 8
1 9 0
2 9 0
3 9 0
t 151 80
m 3 9
m 0 8
1 9 0
2 9 0
3 9 0
t 150 80
m 2 9
m 0 9
1 9 0
2 9 0
3 9 0
t 149 80
m 1 9
m 0 10
1 9 0
2 9 0
3 9 0
t 148 80
m 0 9
m 0 11
1 9 0
2 9 0
3 9 0
t 147 90
m 0 9
m 0 11
1 9 0
2 9 0
3 9 0
t 146 90
m 1 9
m 0 12
1 9 0
2 9 0
3 9 0
f 1 13
t 145 90
m 1 8
m 0 13
1 9 0
2 9 0
3 9 0
t 144 90
m 2 8
m 1 13
1 9 0
2 9 0
3 9 0
t 143 100
m 2 8
m 0 13
1 9 0
2 9 0
3 9 0
t 142 100
m 3 8
m 1 13
1 9 0
2 9 0
3 9 0
t 141 100
m 3 9
m 1 14
1 9 0
2 9 0
3 9 0
t 140 100
m 3 8
m 0 14
1 9 0
2 9 0
3 9 0
t 139 100
m 2 8
m 0 13
1 9 0
2 9 0
3 9 0
t 138 100
m 2 9
m 0 14
1 9 0
2 9 0
3 9 0
f 3 13
t 137 100
m 2 8
m 1 14
1 9 0
2 9 0
3 9 0
t 136 100
m 3 8
m 2 14
1 9 0
2 9 0
3 9 0
t 135 100
m 2 8
m 3 14
1 9 0
2 9 0
3 9 0
t 134 100
m 2 9
m 3 13
1 9 0
2 9 0
3 9 0
t 133 110
m 1 9
m 2 13
1 9 0
2 9 0
3 9 0
t 132 110
m 0 9
m 2 12
1 9 0
2 9 0
3 9 0
t 131 110
m 0 9
m 2 11
1 9 0
2 9 0
3 9 0
t 130 110
m 0 9
m 3 11
1 9 0
2 9 0
3 9 0
t 129 110
m 0 8
m 3 10
1 9 0
2 9 0
3 9 0
f 0 4
t 128 110
m 0 9
m 3 11
1 9 0
2 9 0
3 9 0
t 127 110
m 0 8
m 2 11
1 9 0
2 9 0
3 9 0
t 126 110
m 1 8
m 3 11
1 9 0
2 9 0
3 9 0
t 125 110
m 1 9
m 3 10
1 9 0
2 9 0
3 9 0
t 124 110
m 1 8
m 3 10
1 9 0
2 9 0
3 9 0
t 123 110
m 0 8
m 4 10
1 9 0
2 9 0
3 9 0
t 122 110
m 0 8
m 4 9
1 9 0
2 9 0
3 9 0
t 121 110
m 0 9
m 5 9
1 9 0
2 9 0
3 9 0
t 120 110
m 0 8
m 4 9
1 9 0
2 9 0
3 9 0
t 119 110
m 0 8
m 3 9
1 9 0
2 9 0
3 9 0
t 118 110
m 0 9
m 3 8
1 9 0
2 9 0
3 9 0
t 117 110
m 0 8
m 3 9
1 9 0
2 9 0
3 9 0
t 116 110
m 1 8
m 4 9
1 9 0
2 9 0
3 9 0
t 115 110
m 1 9
m 5 9
1 9 0
2 9 0
3 9 0
t 114 110
m 1 9
m 5 9
1 9 0
2 9 0
3 9 0
t 113 110
m 2 9
m 4 9
1 9 0
2 9 0
3 9 0
t 112 110
m 3 9
m 3 9
1 9 0
2 9 0
3 9 0
t 111 110
m 2 9
m 3 9
1 9 0
2 9 0
3 9 0
t 110 110
m 1 9
m 3 10
1 9 0
2 9 0
3 9 0
t 109 110
m 1 8
m 3 11
1 9 0
2 9 0
3 9 0
t 108 110
m 0 8
m 2 11
1 9 0
2 9 0
3 9 0
t 107 110
m 0 7
m 3 11
1 9 0
2 9 0
3 9 0
t 106 110
m 0 6
m 3 10
1 9 0
2 9 0
3 9 0
t 105 110
m 0 7
m 4 10
1 9 0
2 9 0
3 9 0
t 104 110
m 0 8
m 3 10
1 9 0
2 9 0
3 9 0
t 103 110
m 0 9
m 3 9
1 9 0
2 9 0
3 9 0
t 102 110
m 0 8
m 3 8
1 9 0
2 9 0
3 9 0
t 101 110
m 0 8
m 3 9
1 9 0
2 9 0
3 9 0
t 100 110
m 0 7
m 3 8
1 9 0
2 9 0
3 9 0
t 99 110
m 0 6
m 3 9
1 9 0
2 9 0
3 9 0
t 98 110
m 0 5
m 3 8
1 9 0
2 9 0
3 9 0
t 97 110
m 0 4
m 2 8
1 9 0
2 9 0
3 9 0
t 96 120
m 1 4
m 1 8
1 9 0
2 9 0
3 9 0
t 95 120
m 1 3
m 1 9
1 9 0
2 9 0
3 9 0
t 94 120
m 0 3
m 2 9
1 9 0
2 9 0
3 9 0
t 93 120
m 0 3
m 2 9
1 9 0
2 9 0
3 9 0
t 92 120
m 0 4
m 1 9
1 9 0
2 9 0
3 9 0
t 91 120
m 0 5
m 2 9
1 9 0
2 9 0
3 9 0
t 90 120
m 1 5
m 1 9
1 9 0
2 9 0
3 9 0
f 2 5
t 89 120
m 0 5
m 1 8
1 9 0
2 9 0
3 9 0
t 88 120
m 1 5
m 2 8
1 9 0
2 9 0
3 9 0
t 87 120
m 2 5
m 2 7
1 9 0
2 9 0
3 9 0
t 86 130
m 3 5
m 2 8
1 9 0
2 9 0
3 9 0
f 4 13
t 85 131
m 3 5
m 2 9
1 9 0
2 9 0
3 9 0
t 84 131
m 3 5
m 1 9
1 9 0
2 9 0
3 9 0
t 83 131
m 4 5
m 2 9
1 9 0
2 9 0
3 9 0
t 82 131
m 4 6
m 3 9
1 9 0
2 9 0
3 9 0
t 81 133
m 4 7
m 2 9
1 9 0
2 9 0
3 9 0
t 80 133
m 5 7
m 2 8
1 9 0
2 9 0
3 9 0
t 79 133
m 4 7
m 3 8
1 9 0
2 9 0
3 9 0
t 78 133
m 4 7
m 3 9
1 9 0
2 9 0
3 9 0
t 77 133
m 5 7
m 3 10
1 9 0
2 9 0
3 9 0
t 76 133
m 4 7
m 3 11
1 9 0
2 9 0
3 9 0
t 75 133
m 5 7
m 4 11
1 9 0
2 9 0
3 9 0
t 74 133
m 4 7
m 4 12
1 9 0
2 9 0
3 9 0
t 73 133
m 4 6
m 4 13
1 9 0
2 9 0
3 9 0
t 72 143
m 4 5
m 5 13
1 9 0
2 9 0
3 9 0
t 71 143
m 5 5
m 5 14
1 9 0
2 9 0
3 9 0
t 70 143
m 5 4
m 5 13
1 9 0
2 9 0
3 9 0
t 69 144
m 5 4
m 4 13
1 9 0
2 9 0
3 9 0
t 68 144
m 5 4
m 4 14
1 9 0
2 9 0
3 9 0
t 67 144
m 5 5
m 4 14
1 9 0
2 9 0
3 9 0
t 66 144
m 5 4
m 5 14
1 9 0
2 9 0
3 9 0
t 65 144
m 5 3
m 6 14
1 9 0
2 9 0
3 9 0
t 64 146
m 5 3
m 6 13
1 9 0
2 9 0
3 9 0
t 63 147
m 4 3
m 6 12
1 9 0
2 9 0
3 9 0
t 62 150
m 4 2
m 6 11
1 9 0
2 9 0
3 9 0
t 61 150
m 4 2
m 7 11
1 9 0
2 9 0
3 9 0
t 60 150
m 4 3
m 6 11
1 9 0
2 9 0
3 9 0
t 59 150
m 5 3
m 7 11
1 9 0
2 9 0
3 9 0
t 58 150
m 5 2
m 7 10
1 9 0
2 9 0
3 9 0
t 57 150
m 5 1
m 7 11
1 9 0
2 9 0
3 9 0
t 56 150
m 4 1
m 7 11
1 9 0
2 9 0
3 9 0
t 55 150
m 4 1
m 7 11
1 9 0
2 9 0
3 9 0
t 54 150
m 4 1
m 7 10
1 9 0
2 9 0
3 9 0
t 53 150
m 4 2
m 7 10
1 9 0
2 9 0
3 9 0
f 5 3
t 52 150
m 4 3
m 7 9
1 9 0
2 9 0
3 9 0
t 51 152
m 5 3
m 7 8
1 9 0
2 9 0
3 9 0
t 50 164
m 4 3
m 8 8
1 9 0
2 9 0
3 9 0
t 49 165
m 5 3
m 8 7
1 9 0
2 9 0
3 9 0
t 48 167
m 5 4
m 9 7
1 9 0
2 9 0
3 9 0
t 47 168
m 5 3
m 9 7
1 9 0
2 9 0
3 9 0
t 46 168
m 5 2
m 8 7
1 9 0
2 9 0
3 9 0
f 3 10
t 45 168
m 5 2
m 8 8
1 9 0
2 9 0
3 9 0
t 44 168
m 5 3
m 8 7
1 9 0
2 9 0
3 9 0
t 43 168
m 5 2
m 7 7
1 9 0
2 9 0
3 9 0
t 42 170
m 5 1
m 7 8
1 9 0
2 9 0
3 9 0
t 41 170
m 4 1
m 6 8
1 9 0
2 9 0
3 9 0
t 40 171
m 4 2
m 5 8
1 9 0
2 9 0
3 9 0
t 39 171
m 4 3
m 5 8
1 9 0
2 9 0
3 9 0
t 38 171
m 4 4
m 4 8
1 9 0
2 9 0
3 9 0
t 37 171
m 4 3
m 4 8
1 9 0
2 9 0
3 9 0
t 36 171
m 4 4
m 4 7
1 9 0
2 9 0
3 9 0
t 35 171
m 4 3
m 5 7
1 9 0
2 9 0
3 9 0
t 34 171
m 4 3
m 5 8
1 9 0
2 9 0
3 9 0
t 33 171
m 5 3
m 5 8
1 9 0
2 9 0
3 9 0
t 32 171
m 4 3
m 4 8
1 9 0
2 9 0
3 9 0
t 31 171
m 5 3
m 4 7
1 9 0
2 9 0
3 9 0
t 30 171
m 5 2
m 4 8
1 9 0
2 9 0
3 9 0
t 29 171
m 5 3
m 4 9
1 9 0
2 9 0
3 9 0
t 28 171
m 4 3
m 4 10
1 9 0
2 9 0
3 9 0
t 27 171
m 4 2
m 3 10
1 9 0
2 9 0
3 9 0
t 26 181
m 4 3
m 3 9
1 9 0
2 9 0
3 9 0
t 25 181
m 4 4
m 2 9
1 9 0
2 9 0
3 9 0
t 24 181
m 4 3
m 3 9
1 9 0
2 9 0
3 9 0
t 23 181
m 5 3
m 3 10
1 9 0
2 9 0
3 9 0
t 22 181
m 5 4
m 3 9
1 9 0
2 9 0
3 9 0
f 5 5
t 21 181
m 6 4
m 3 10
1 9 0
2 9 0
3 9 0
t 20 181
m 7 4
m 3 9
1 9 0
2 9 0
3 9 0
t 19 181
m 7 3
m 2 9
1 9 0
2 9 0
3 9 0
t 18 181
m 6 3
m 1 9
1 9 0
2 9 0
3 9 0
t 17 183
m 5 3
m 1 8
1 9 0
2 9 0
3 9 0
t 16 183
m 5 4
m 0 8
1 9 0
2 9 0
3 9 0
t 15 183
m 5 5
m 0 7
1 9 0
2 9 0
3 9 0
t 14 193
m 6 5
m 0 7
1 9 0
2 9 0
3 9 0
t 13 195
m 7 5
m 0 6
1 9 0
2 9 0
3 9 0
t 12 196
m 7 5
m 0 6
1 9 0
2 9 0
3 9 0
t 11 196
m 8 5
m 0 6
1 9 0
2 9 0
3 9 0
t 10 198
m 7 5
m 0 6
1 9 0
2 9 0
3 9 0
t 9 198
m 7 4
m 0 6
1 9 0
2 9 0
3 9 0
t 8 198
m 7 4
m 0 5
1 9 0
2 9 0
3 9 0
t 7 198
m 8 4
m 0 6
1 9 0
2 9 0
3 9 0
t 6 198
m 7 4
m 0 6
1 9 0
2 9 0
3 9 0
t 5 198
m 7 3
m 0 7
1 9 0
2 9 0
3 9 0
t 4 198
m 7 4
m 0 8
1 9 0
2 9 0
3 9 0
t 3 198
m 8 4
m 0 8
1 9 0
2 9 0
3 9 0
t 2 198
m 7 4
m 0 9
1 9 0
2 9 0
3 9 0
t 1 198
m 7 3
m 0 8
1 9 0
2 9 0
3 9 0
t 0 198
