10
15
m 0 14
m 0 14
1 9 0
2 9 0
3 9 0
w 9 2
w 3 1
w 3 3
w 3 8
w 3 10
w 3 11
w 3 12
w 3 13
w 7 2
w 7 5
w 7 7
w 7 9
w 7 10
w 7 11
w 7 12
w 7 13
w 4 8
w 4 10
w 4 11
w 4 12
w 4 13
w 1 3
w 1 4
w 8 2
w 8 5
w 8 7
w 8 9
w 8 11
w 8 12
w 8 13
w 5 4
w 5 5
w 5 8
w 5 10
w 2 8
w 2 10
w 2 11
p 3 0
p 7 1
p 7 4
p 3 5
p 3 6
p 3 14
p 7 14
p 4 0
p 0 1
p 4 2
p 0 3
p 4 3
p 8 0
p 4 6
p 8 3
p 8 4
p 8 8
p 0 10
p 0 11
p 8 14
p 5 0
p 9 1
p 5 1
p 9 4
p 1 5
p 5 6
p 1 7
p 1 8
p 5 7
p 9 10
p 1 11
p 9 12
p 1 12
p 9 14
p 5 9
p 2 1
p 6 2
p 6 3
p 6 4
p 6 5
p 2 2
p 2 3
p 6 8
p 2 5
p 2 7
p 6 11
p 6 12
p 2 12
p 6 14
p 2 13
t 300 0
m 0 13
m 0 13
1 9 1
2 9 1
3 9 1
f 1 0
t 299 0
m 0 12
m 0 12
1 9 0
2 9 0
3 9 0
t 298 0
m 1 12
m 0 11
1 9 1
2 9 1
3 9 1
t 297 4
m 1 11
m 0 10
1 9 0
2 9 0
3 9 0
t 296 8
m 1 10
m 0 9
1 9 1
2 9 1
3 9 1
t 295 8
m 1 10
m 0 8
1 9 0
2 9 0
3 9 0
t 294 8
m 1 9
m 0 7
1 9 1
2 9 1
3 9 1
t 293 8
m 1 9
m 0 6
1 9 0
2 9 0
3 9 0
t 292 8
m 1 8
m 0 5
1 9 1
2 9 1
3 9 1
t 291 10
m 0 8
m 0 4
1 9 0
2 9 0
3 9 0
t 290 10
m 1 8
m 0 3
1 9 1
2 9 1
3 9 1
t 289 12
m 1 8
m 0 2
1 9 0
2 9 0
3 9 0
t 288 12
m 1 9
m 0 1
1 9 1
2 9 1
3 9 1
t 287 14
m 2 9
m 1 1
1 9 0
2 9 0
3 9 0
t 286 14
m 1 9
m 1 0
1 9 1
2 9 1
3 9 1
t 285 24
m 1 8
m 1 1
1 9 0
2 9 0
3 9 0
t 284 24
m 1 8
m 1 0
1 9 1
2 9 1
3 9 1
f 9 3
t 283 24
m 1 7
m 1 1
1 9 0
2 9 0
3 9 0
t 282 26
m 2 7
m 1 0
1 9 1
2 9 1
3 9 1
t 281 28
m 2 6
m 1 1
1 9 0
2 9 0
3 9 0
t 280 28
m 3 6
m 1 0
1 9 1
2 9 1
3 9 1
t 279 30
m 4 6
m 1 1
1 9 0
2 9 0
3 9 0
t 278 32
m 4 5
m 1 0
1 9 1
2 9 1
3 9 1
t 277 32
m 4 4
m 1 1
1 9 0
2 9 0
3 9 0
t 276 32
m 4 3
m 1 0
1 9 1
2 9 1
3 9 1
t 275 34
m 5 3
m 1 1
1 9 0
2 9 0
3 9 0
t 274 34
m 6 3
m 1 0
1 9 1
2 9 1
3 9 1
t 273 36
m 7 3
m 1 1
1 9 0
2 9 0
3 9 0
t 272 36
m 8 3
m 1 0
1 9 1
2 9 1
3 9 1
t 271 38
m 9 3
m 1 1
1 9 0
2 9 0
3 9 0
t 270 48
m 8 3
m 1 0
1 9 1
2 9 1
3 9 1
t 269 48
m 7 3
m 1 1
1 9 0
2 9 0
3 9 0
t 268 48
m 8 3
m 1 0
1 9 1
2 9 1
3 9 1
t 267 48
m 9 3
m 1 1
1 9 0
2 9 0
3 9 0
t 266 48
m 8 3
m 1 0
1 9 1
2 9 1
3 9 1
t 265 48
m 8 3
m 1 1
1 9 0
2 9 0
3 9 0
t 264 48
m 8 4
m 1 0
1 9 1
2 9 1
3 9 1
t 263 50
m 9 4
m 1 1
1 9 0
2 9 0
3 9 0
t 262 52
m 8 4
m 1 0
1 9 1
2 9 1
3 9 1
t 261 52
m 8 4
m 1 1
1 9 0
2 9 0
3 9 0
t 260 52
m 8 3
m 1 0
1 9 1
2 9 1
3 9 1
t 259 52
m 8 3
m 1 1
1 9 0
2 9 0
3 9 0
t 258 52
m 7 3
m 1 0
1 9 1
2 9 1
3 9 1
t 257 52
m 8 3
m 1 1
1 9 0
2 9 0
3 9 0
t 256 52
m 7 3
m 1 0
1 9 1
2 9 1
3 9 1
t 255 52
m 7 4
m 1 1
1 9 0
2 9 0
3 9 0
t 254 54
m 7 3
m 1 0
1 9 1
2 9 1
3 9 1
t 253 54
m 6 3
m 1 1
1 9 0
2 9 0
3 9 0
t 252 54
m 7 3
m 1 0
1 9 1
2 9 1
3 9 1
t 251 54
m 6 3
m 1 1
1 9 0
2 9 0
3 9 0
t 250 54
m 6 2
m 1 0
1 9 1
2 9 1
3 9 1
t 249 56
m 6 1
m 1 1
1 9 0
2 9 0
3 9 0
t 248 56
m 6 2
m 1 0
1 9 1
2 9 1
3 9 1
t 247 56
m 6 2
m 1 1
1 9 0
2 9 0
3 9 0
t 246 56
m 6 1
m 1 0
1 9 1
2 9 1
3 9 1
t 245 56
m 5 1
m 1 1
1 9 0
2 9 0
3 9 0
t 244 58
m 5 0
m 1 0
1 9 1
2 9 1
3 9 1
t 243 60
m 5 1
m 1 1
1 9 0
2 9 0
3 9 0
t 242 60
m 6 1
m 1 0
1 9 1
2 9 1
3 9 1
t 241 60
m 6 0
m 1 1
1 9 0
2 9 0
3 9 0
t 240 60
m 6 0
m 1 0
1 9 1
2 9 1
3 9 1
t 239 60
m 6 1
m 1 1
1 9 0
2 9 0
3 9 0
t 238 60
m 5 1
m 1 0
1 9 1
2 9 1
3 9 1
t 237 60
m 5 0
m 1 1
1 9 0
2 9 0
3 9 0
t 236 60
m 6 0
m 1 0
1 9 1
2 9 1
3 9 1
t 235 60
m 6 0
m 1 1
1 9 0
2 9 0
3 9 0
t 234 60
m 6 0
m 1 0
1 9 1
2 9 1
3 9 1
t 233 60
m 7 0
m 1 1
1 9 0
2 9 0
3 9 0
t 232 60
m 6 0
m 1 0
1 9 1
2 9 1
3 9 1
t 231 70
m 6 1
m 1 1
1 9 0
2 9 0
3 9 0
t 230 70
m 6 2
m 1 0
1 9 1
2 9 1
3 9 1
t 229 70
m 5 2
m 1 1
1 9 0
2 9 0
3 9 0
t 228 70
m 4 2
m 1 0
1 9 1
2 9 1
3 9 1
t 227 72
m 3 2
m 1 1
1 9 0
2 9 0
3 9 0
t 226 72
m 2 2
m 1 0
1 9 1
2 9 1
3 9 1
t 225 74
m 2 1
m 1 1
1 9 0
2 9 0
3 9 0
f 7 0
t 224 76
m 2 0
m 1 0
1 9 1
2 9 1
3 9 1
t 223 76
m 3 0
m 1 1
1 9 0
2 9 0
3 9 0
t 222 78
m 4 0
m 1 0
1 9 1
2 9 1
3 9 1
t 221 80
m 4 0
m 1 1
1 9 0
2 9 0
3 9 0
t 220 80
m 4 0
m 1 0
1 9 1
2 9 1
3 9 1
t 219 80
m 4 0
m 1 1
1 9 0
2 9 0
3 9 0
t 218 80
m 5 0
m 1 0
1 9 1
2 9 1
3 9 1
t 217 80
m 6 0
m 1 1
1 9 0
2 9 0
3 9 0
t 216 80
m 7 0
m 1 0
1 9 1
2 9 1
3 9 1
t 215 90
m 7 0
m 1 1
1 9 0
2 9 0
3 9 0
t 214 90
m 6 0
m 1 0
1 9 1
2 9 1
3 9 1
t 213 100
m 6 1
m 1 1
1 9 0
2 9 0
3 9 0
t 212 100
m 6 1
m 1 0
1 9 1
2 9 1
3 9 1
t 211 100
m 5 1
m 1 1
1 9 0
2 9 0
3 9 0
t 210 100
m 5 0
m 1 0
1 9 1
2 9 1
3 9 1
t 209 100
m 5 1
m 1 1
1 9 0
2 9 0
3 9 0
t 208 100
m 5 0
m 1 0
1 9 1
2 9 1
3 9 1
t 207 100
m 4 0
m 1 1
1 9 0
2 9 0
3 9 0
t 206 100
m 3 0
m 1 0
1 9 1
2 9 1
3 9 1
t 205 100
m 4 0
m 1 1
1 9 0
2 9 0
3 9 0
t 204 100
m 5 0
m 1 0
1 9 1
2 9 1
3 9 1
t 203 100
m 4 0
m 1 1
1 9 0
2 9 0
3 9 0
t 202 100
m 4 1
m 1 0
1 9 1
2 9 1
3 9 1
t 201 100
m 4 0
m 1 1
1 9 0
2 9 0
3 9 0
t 200 100
m 4 1
m 1 0
1 9 1
2 9 1
3 9 1
f 1 8
t 199 100
m 5 1
m 1 1
1 9 0
2 9 0
3 9 0
t 198 100
m 6 1
m 1 0
1 9 1
2 9 1
3 9 1
t 197 100
m 5 1
m 1 1
1 9 0
2 9 0
3 9 0
t 196 100
m 5 2
m 1 0
1 9 1
2 9 1
3 9 1
t 195 100
m 6 2
m 1 1
1 9 0
2 9 0
3 9 0
t 194 100
m 6 1
m 1 0
1 9 1
2 9 1
3 9 1
t 193 100
m 6 0
m 1 1
1 9 0
2 9 0
3 9 0
t 192 100
m 7 0
m 1 0
1 9 1
2 9 1
3 9 1
t 191 100
m 7 1
m 1 1
1 9 0
2 9 0
3 9 0
t 190 102
m 8 1
m 1 0
1 9 1
2 9 1
3 9 1
t 189 102
m 8 0
m 1 1
1 9 0
2 9 0
3 9 0
t 188 104
m 8 0
m 1 0
1 9 1
2 9 1
3 9 1
t 187 104
m 8 1
m 1 1
1 9 0
2 9 0
3 9 0
t 186 104
m 8 1
m 1 0
1 9 1
2 9 1
3 9 1
t 185 104
m 8 1
m 1 1
1 9 0
2 9 0
3 9 0
t 184 104
m 9 1
m 1 0
1 8 0
2 8 0
3 8 0
t 183 106
m 8 1
m 2 0
1 7 0
2 7 0
3 7 0
t 182 106
m 7 1
m 3 0
1 6 0
2 6 0
3 6 0
t 181 106
m 7 1
m 4 0
1 6 1
2 6 1
3 6 1
t 180 106
m 7 1
m 4 1
1 6 2
2 6 2
3 6 2
t 179 106
m 7 1
m 4 2
1 6 3
2 6 3
3 6 3
t 178 106
m 7 1
m 4 3
1 6 4
2 6 4
3 6 4
t 177 106
m 6 1
m 4 4
1 6 5
2 6 5
3 6 5
t 176 106
m 5 1
m 4 5
1 6 6
2 6 6
3 6 6
t 175 106
m 5 2
m 4 6
1 6 7
2 6 7
3 6 7
t 174 106
m 5 3
m 4 7
1 6 8
2 6 8
3 6 8
t 173 106
m 5 2
m 5 7
1 6 9
2 6 9
3 6 9
t 172 107
m 5 3
m 6 7
1 6 10
2 6 10
3 6 10
t 171 107
m 4 3
m 6 8
1 6 11
2 6 11
3 6 11
t 170 110
m 4 4
m 6 9
1 6 12
2 6 12
3 6 12
t 169 110
m 4 4
m 6 10
1 6 13
2 6 13
3 6 13
t 168 110
m 3 4
m 6 11
1 6 14
2 6 14
3 6 14
t 167 112
m 3 5
m 6 12
1 5 14
2 5 14
3 5 14
t 166 116
m 3 6
m 6 13
1 4 14
2 4 14
3 4 14
t 165 116
m 2 6
m 6 14
1 3 14
2 3 14
3 3 14
t 164 118
m 1 6
m 5 14
1 2 14
2 2 14
3 2 14
t 163 118
m 1 7
m 4 14
1 2 13
2 2 13
3 2 13
t 162 118
m 1 8
m 3 14
1 2 12
2 2 12
3 2 12
t 161 130
m 1 8
m 2 14
1 1 12
2 1 12
3 1 12
t 160 130
m 1 8
m 2 13
1 1 11
2 1 11
3 1 11
t 159 132
m 1 7
m 2 12
1 1 10
2 1 10
3 1 10
t 158 134
m 0 7
m 1 12
1 1 9
2 1 9
3 1 9
t 157 134
m 1 7
m 1 11
1 0 9
2 0 9
3 0 9
t 156 134
m 2 7
m 1 10
1 0 8
2 0 8
3 0 8
t 155 134
m 2 7
m 1 9
1 0 7
2 0 7
3 0 7
t 154 134
m 1 7
m 1 8
1 0 6
2 0 6
3 0 6
t 153 134
m 0 7
m 1 7
1 0 5
2 0 5
3 0 5
t 152 134
m 1 7
m 1 6
1 0 4
2 0 4
3 0 4
t 151 134
m 1 6
m 1 5
1 0 3
2 0 3
3 0 3
f 6 7
t 150 136
m 1 6
m 0 5
1 0 2
2 0 2
3 0 2
t 149 136
m 1 5
m 0 4
1 0 1
2 0 1
3 0 1
t 148 136
m 0 5
m 0 3
1 0 0
2 0 0
3 0 0
t 147 136
m 0 4
m 0 2
1 1 0
2 1 0
3 1 0
t 146 136
m 0 4
m 0 1
1 2 0
2 2 0
3 2 0
t 145 136
m 0 5
m 0 0
1 2 1
2 2 1
3 2 1
t 144 136
m 1 5
m 0 1
1 2 2
2 2 2
3 2 2
t 143 136
m 2 5
m 0 2
1 2 1
2 2 1
3 2 1
t 142 138
m 2 6
m 0 1
1 2 2
2 2 2
3 2 2
t 141 138
m 3 6
m 0 2
1 2 3
2 2 3
3 2 3
t 140 138
m 3 5
m 0 3
1 2 2
2 2 2
3 2 2
t 139 138
m 4 5
m 0 2
1 2 3
2 2 3
3 2 3
t 138 138
m 4 6
m 0 3
1 2 4
2 2 4
3 2 4
t 137 138
m 4 6
m 0 4
1 2 5
2 2 5
3 2 5
t 136 138
m 4 5
m 0 5
1 2 6
2 2 6
3 2 6
t 135 138
m 4 6
m 0 6
1 2 7
2 2 7
3 2 7
t 134 138
m 4 7
m 0 7
1 2 6
2 2 6
3 2 6
t 133 138
m 5 7
m 0 6
1 2 7
2 2 7
3 2 7
t 132 138
m 6 7
m 0 7
1 2 6
2 2 6
3 2 6
t 131 148
m 5 7
m 0 6
1 2 7
2 2 7
3 2 7
t 130 148
m 6 7
m 0 7
1 2 6
2 2 6
3 2 6
t 129 148
m 6 7
m 0 6
1 2 7
2 2 7
3 2 7
t 128 148
m 6 7
m 0 7
1 2 6
2 2 6
3 2 6
t 127 148
m 6 7
m 0 6
1 2 7
2 2 7
3 2 7
t 126 148
m 6 6
m 0 7
1 2 6
2 2 6
3 2 6
t 125 148
m 5 6
m 0 6
1 2 7
2 2 7
3 2 7
f 4 7
t 124 150
m 5 7
m 0 7
1 2 6
2 2 6
3 2 6
t 123 150
m 4 7
m 0 6
1 2 5
2 2 5
3 2 5
t 122 160
m 4 6
m 0 5
1 2 4
2 2 4
3 2 4
t 121 160
m 5 6
m 0 4
1 2 5
2 2 5
3 2 5
t 120 160
m 4 6
m 0 5
1 2 4
2 2 4
3 2 4
t 119 160
m 4 5
m 0 4
1 2 3
2 2 3
3 2 3
t 118 160
m 4 6
m 0 3
1 2 4
2 2 4
3 2 4
t 117 160
m 4 6
m 0 4
1 2 5
2 2 5
3 2 5
t 116 160
m 4 7
m 0 5
1 2 6
2 2 6
3 2 6
t 115 160
m 5 7
m 0 6
1 2 7
2 2 7
3 2 7
t 114 160
m 4 7
m 0 7
1 2 6
2 2 6
3 2 6
t 113 160
m 3 7
m 0 6
1 2 5
2 2 5
3 2 5
t 112 160
m 2 7
m 0 5
1 2 4
2 2 4
3 2 4
f 1 8
t 111 160
m 2 6
m 0 4
1 2 3
2 2 3
3 2 3
t 110 160
m 2 7
m 0 3
1 2 4
2 2 4
3 2 4
t 109 160
m 1 7
m 0 4
1 2 5
2 2 5
3 2 5
t 108 160
m 1 6
m 0 5
1 2 4
2 2 4
3 2 4
t 107 160
m 1 5
m 0 4
1 2 3
2 2 3
3 2 3
t 106 160
m 1 5
m 0 3
1 2 2
2 2 2
3 2 2
t 105 160
m 1 5
m 0 2
1 2 3
2 2 3
3 2 3
t 104 160
m 1 5
m 0 3
1 2 2
2 2 2
3 2 2
t 103 160
m 1 5
m 0 2
1 2 3
2 2 3
3 2 3
t 102 160
m 1 5
m 0 3
1 2 2
2 2 2
3 2 2
t 101 160
m 1 6
m 0 2
1 2 3
2 2 3
3 2 3
t 100 160
m 1 7
m 0 3
1 2 4
2 2 4
3 2 4
t 99 160
m 1 8
m 0 4
1 2 5
2 2 5
3 2 5
t 98 170
m 1 7
m 0 5
1 2 4
2 2 4
3 2 4
t 97 170
m 1 6
m 0 4
1 2 3
2 2 3
3 2 3
f 6 1
t 96 170
m 2 6
m 0 3
1 2 2
2 2 2
3 2 2
t 95 170
m 2 5
m 0 2
1 2 1
2 2 1
3 2 1
t 94 170
m 2 4
m 0 1
1 2 0
2 2 0
3 2 0
t 93 170
m 2 3
m 0 0
1 3 0
2 3 0
3 3 0
t 92 172
m 2 2
m 1 0
1 4 0
2 4 0
3 4 0
t 91 172
m 2 1
m 2 0
1 5 0
2 5 0
3 5 0
t 90 172
m 2 1
m 3 0
1 5 1
2 5 1
3 5 1
t 89 172
m 2 1
m 4 0
1 5 2
2 5 2
3 5 2
t 88 172
m 2 1
m 4 1
1 5 3
2 5 3
3 5 3
t 87 172
m 2 1
m 4 2
1 6 3
2 6 3
3 6 3
t 86 172
m 2 1
m 4 3
1 6 4
2 6 4
3 6 4
t 85 172
m 2 1
m 4 4
1 6 5
2 6 5
3 6 5
t 84 172
m 2 1
m 4 5
1 6 6
2 6 6
3 6 6
t 83 172
m 2 2
m 4 6
1 6 7
2 6 7
3 6 7
t 82 172
m 2 1
m 4 7
1 6 8
2 6 8
3 6 8
t 81 172
m 2 1
m 5 7
1 6 9
2 6 9
3 6 9
t 80 172
m 2 2
m 6 7
1 6 10
2 6 10
3 6 10
t 79 172
m 2 2
m 6 8
1 6 11
2 6 11
3 6 11
t 78 172
m 1 2
m 6 9
1 6 12
2 6 12
3 6 12
t 77 172
m 0 2
m 6 10
1 6 13
2 6 13
3 6 13
t 76 172
m 0 2
m 6 11
1 6 14
2 6 14
3 6 14
t 75 172
m 0 1
m 6 12
1 5 14
2 5 14
3 5 14
t 74 172
m 0 0
m 6 13
1 4 14
2 4 14
3 4 14
t 73 172
m 0 1
m 6 14
1 3 14
2 3 14
3 3 14
t 72 172
m 0 1
m 5 14
1 2 14
2 2 14
3 2 14
t 71 172
m 0 2
m 4 14
1 2 13
2 2 13
3 2 13
t 70 172
m 0 1
m 3 14
1 2 12
2 2 12
3 2 12
t 69 172
m 0 0
m 2 14
1 1 12
2 1 12
3 1 12
t 68 172
m 1 0
m 2 13
1 1 11
2 1 11
3 1 11
t 67 172
m 1 1
m 2 12
1 1 10
2 1 10
3 1 10
t 66 172
m 2 1
m 1 12
1 1 9
2 1 9
3 1 9
t 65 172
m 2 0
m 1 11
1 1 8
2 1 8
3 1 8
t 64 172
m 2 1
m 1 10
1 1 7
2 1 7
3 1 7
t 63 172
m 2 1
m 1 9
1 1 6
2 1 6
3 1 6
t 62 172
m 2 1
m 1 8
1 1 5
2 1 5
3 1 5
t 61 172
m 2 2
m 1 7
1 0 5
2 0 5
3 0 5
t 60 172
m 1 2
m 1 6
1 0 4
2 0 4
3 0 4
t 59 172
m 1 2
m 1 5
1 0 3
2 0 3
3 0 3
t 58 172
m 1 2
m 0 5
1 0 4
2 0 4
3 0 4
t 57 172
m 0 2
m 0 5
1 0 3
2 0 3
3 0 3
t 56 172
m 1 2
m 0 4
1 0 2
2 0 2
3 0 2
t 55 172
m 2 2
m 0 3
1 0 1
2 0 1
3 0 1
t 54 172
m 2 1
m 0 2
1 0 0
2 0 0
3 0 0
t 53 172
m 1 1
m 0 1
1 1 0
2 1 0
3 1 0
t 52 172
m 1 1
m 0 0
1 2 0
2 2 0
3 2 0
t 51 172
m 2 1
m 1 0
1 3 0
2 3 0
3 3 0
t 50 172
m 2 2
m 2 0
1 4 0
2 4 0
3 4 0
t 49 172
m 3 2
m 3 0
1 4 1
2 4 1
3 4 1
t 48 172
m 4 2
m 4 0
1 5 1
2 5 1
3 5 1
t 47 172
m 4 1
m 4 1
1 5 2
2 5 2
3 5 2
t 46 172
m 5 1
m 4 2
1 5 3
2 5 3
3 5 3
t 45 172
m 5 1
m 4 3
1 6 3
2 6 3
3 6 3
t 44 172
m 6 1
m 5 3
1 6 4
2 6 4
3 6 4
t 43 182
m 6 1
m 6 3
1 6 5
2 6 5
3 6 5
t 42 182
m 5 1
m 6 4
1 6 6
2 6 6
3 6 6
t 41 184
m 5 0
m 6 5
1 6 7
2 6 7
3 6 7
t 40 186
m 5 1
m 6 6
1 6 8
2 6 8
3 6 8
t 39 186
m 6 1
m 6 7
1 6 9
2 6 9
3 6 9
t 38 186
m 5 1
m 6 8
1 6 10
2 6 10
3 6 10
t 37 186
m 5 2
m 6 9
1 6 11
2 6 11
3 6 11
t 36 186
m 5 2
m 6 10
1 6 12
2 6 12
3 6 12
t 35 186
m 5 2
m 6 11
1 6 13
2 6 13
3 6 13
t 34 186
m 5 2
m 6 12
1 6 14
2 6 14
3 6 14
t 33 186
m 5 1
m 6 13
1 5 14
2 5 14
3 5 14
t 32 186
m 4 1
m 6 14
1 5 13
2 5 13
3 5 13
t 31 186
m 4 0
m 6 13
1 5 14
2 5 14
3 5 14
t 30 186
m 5 0
m 6 14
1 5 13
2 5 13
3 5 13
t 29 186
m 5 1
m 6 13
1 5 14
2 5 14
3 5 14
f 3 5
t 28 186
m 5 2
m 6 14
1 5 13
2 5 13
3 5 13
t 27 186
m 5 3
m 6 13
1 5 14
2 5 14
3 5 14
t 26 186
m 5 2
m 6 14
1 5 13
2 5 13
3 5 13
t 25 186
m 4 2
m 6 13
1 5 14
2 5 14
3 5 14
t 24 186
m 4 3
m 6 14
1 5 13
2 5 13
3 5 13
t 23 186
m 4 3
m 6 13
1 5 14
2 5 14
3 5 14
t 22 186
m 4 4
m 6 14
1 5 13
2 5 13
3 5 13
t 21 186
m 4 5
m 6 13
1 5 14
2 5 14
3 5 14
t 20 186
m 4 6
m 6 14
1 5 13
2 5 13
3 5 13
t 19 186
m 4 6
m 6 13
1 5 14
2 5 14
3 5 14
t 18 186
m 5 6
m 6 14
1 5 13
2 5 13
3 5 13
t 17 186
m 4 6
m 6 13
1 5 14
2 5 14
3 5 14
t 16 186
m 3 6
m 6 14
1 5 13
2 5 13
3 5 13
t 15 186
m 3 6
m 6 13
1 5 14
2 5 14
3 5 14
t 14 186
m 2 6
m 6 14
1 5 13
2 5 13
3 5 13
t 13 186
m 2 6
m 6 13
1 5 14
2 5 14
3 5 14
t 12 186
m 2 6
m 6 14
1 5 13
2 5 13
3 5 13
t 11 186
m 2 7
m 6 13
1 5 14
2 5 14
3 5 14
t 10 186
m 2 6
m 6 14
1 5 13
2 5 13
3 5 13
t 9 186
m 3 6
m 6 13
1 5 14
2 5 14
3 5 14
t 8 186
m 3 5
m 6 14
1 5 13
2 5 13
3 5 13
t 7 196
m 3 6
m 6 13
1 5 14
2 5 14
3 5 14
t 6 196
m 3 5
m 6 14
1 5 13
2 5 13
3 5 13
t 5 196
m 4 5
m 6 13
1 5 14
2 5 14
3 5 14
t 4 196
m 4 6
m 6 14
1 5 13
2 5 13
3 5 13
t 3 196
m 3 6
m 6 13
1 5 14
2 5 14
3 5 14
t 2 196
m 2 6
m 6 14
1 5 13
2 5 13
3 5 13
t 1 196
m 3 6
m 6 13
1 5 14
2 5 14
3 5 14
f 4 0
t 0 196
