10
15
m 0 14
m 0 14
1 9 0
2 9 0
3 9 0
w 9 5
w 9 6
w 9 7
w 9 8
w 9 9
w 9 10
w 6 2
w 6 10
w 6 11
w 3 1
w 3 7
w 3 8
w 0 0
w 0 1
w 0 2
w 0 3
w 0 4
w 0 5
w 7 2
w 7 11
w 4 2
w 4 3
w 4 4
w 4 5
w 5 2
w 5 10
w 5 11
w 2 2
w 2 3
w 2 7
w 2 8
p 7 1
p 3 3
p 3 5
p 7 5
p 7 6
p 3 9
p 3 12
p 3 13
p 7 12
p 7 13
p 4 1
p 8 1
p 8 2
p 8 3
p 8 5
p 4 6
p 0 7
p 0 8
p 4 7
p 0 10
p 0 11
p 4 11
p 4 12
p 4 14
p 8 8
p 8 10
p 8 11
p 9 0
p 9 1
p 1 2
p 9 3
p 9 4
p 1 4
p 1 5
p 5 1
p 5 4
p 5 6
p 1 10
p 9 11
p 1 11
p 5 7
p 9 14
p 1 14
p 5 9
p 5 12
p 6 0
p 2 0
p 6 4
p 6 5
p 2 6
p 6 7
p 2 9
p 2 10
p 2 11
p 6 14
t 300 0
m 1 14
m 1 14
1 8 0
2 8 0
3 9 1
t 299 1
m 2 14
m 2 14
1 8 1
2 8 1
3 9 2
t 298 1
m 2 13
m 2 13
1 8 2
2 8 2
3 9 3
t 297 1
m 1 13
m 2 14
1 9 2
2 9 2
3 9 4
t 296 1
m 2 13
m 1 14
1 9 1
2 9 3
3 9 3
t 295 1
m 3 13
m 1 14
1 9 2
2 9 2
3 9 4
t 294 3
m 3 13
m 1 14
1 9 3
2 9 3
3 9 3
t 293 3
m 4 13
m 0 14
1 9 2
2 9 4
3 9 4
t 292 3
m 4 13
m 0 14
1 9 1
2 9 3
3 9 3
t 291 3
m 4 14
m 0 14
1 9 0
2 9 4
3 9 4
t 290 5
m 5 14
m 0 13
1 9 1
2 9 3
3 9 3
t 289 5
m 4 14
m 0 14
1 9 2
2 9 4
3 9 4
t 288 5
m 4 13
m 1 14
1 9 3
2 9 3
3 9 3
t 287 5
m 4 14
m 0 14
1 9 4
2 9 4
3 9 4
t 286 5
m 4 13
m 0 13
1 9 3
2 9 3
3 9 3
f 3 13
t 285 5
m 3 13
m 1 13
1 8 3
2 8 3
3 9 4
t 284 15
m 3 14
m 0 13
1 9 3
2 9 3
3 9 3
t 283 15
m 4 14
m 0 14
1 8 3
2 8 3
3 9 4
t 282 15
m 3 14
m 0 14
1 9 3
2 9 3
3 9 3
t 281 15
m 2 14
m 1 14
1 8 3
2 8 3
3 9 4
t 280 15
m 1 14
m 2 14
1 9 3
2 9 3
3 9 3
t 279 15
m 1 14
m 2 13
1 9 2
2 9 2
3 9 4
t 278 15
m 2 14
m 2 14
1 9 3
2 9 3
3 9 3
t 277 15
m 2 14
m 3 14
1 8 3
2 8 3
3 9 4
t 276 15
m 2 14
m 4 14
1 9 3
2 9 3
3 9 3
t 275 15
m 1 14
m 4 13
1 8 3
2 8 3
3 9 4
t 274 15
m 1 14
m 5 13
1 8 4
2 8 4
3 9 3
t 273 15
m 1 14
m 6 13
1 9 4
2 9 4
3 9 4
t 272 15
m 2 14
m 6 13
1 8 4
2 8 4
3 9 3
t 271 15
m 2 13
m 6 14
1 9 4
2 9 4
3 9 4
t 270 17
m 1 13
m 6 14
1 9 3
2 9 3
3 9 3
t 269 17
m 0 13
m 7 14
1 8 3
2 8 3
3 9 4
t 268 27
m 0 12
m 7 13
1 9 3
2 9 3
3 9 3
t 267 29
m 0 12
m 8 13
1 8 3
2 8 3
3 9 4
t 266 29
m 1 12
m 8 12
1 9 3
2 9 3
3 9 3
t 265 29
m 1 11
m 7 12
1 9 2
2 9 2
3 9 4
t 264 32
m 1 12
m 7 12
1 9 3
2 9 1
3 9 3
t 263 32
m 1 11
m 6 12
1 9 2
2 9 0
3 9 4
t 262 32
m 2 11
m 7 12
1 9 1
2 9 1
3 9 3
t 261 34
m 1 11
m 6 12
1 9 2
2 9 0
3 9 4
t 260 34
m 1 11
m 7 12
1 9 3
2 9 1
3 9 3
t 259 34
m 1 12
m 7 12
1 9 2
2 9 0
3 9 4
t 258 34
m 0 12
m 8 12
1 9 3
2 9 1
3 9 3
t 257 34
m 0 12
m 8 11
1 9 2
2 9 0
3 9 4
t 256 36
m 1 12
m 8 11
1 9 1
2 9 1
3 9 3
t 255 36
m 2 12
m 8 10
1 9 2
2 9 0
3 9 4
t 254 38
m 3 12
m 8 11
1 9 1
2 9 1
3 9 3
t 253 40
m 2 12
m 8 10
1 9 0
2 9 2
3 9 4
t 252 40
m 1 12
m 7 10
1 9 1
2 9 3
3 9 3
t 251 40
m 0 12
m 8 10
1 9 0
2 9 2
3 9 4
t 250 40
m 0 11
m 8 11
1 9 1
2 9 3
3 9 3
t 249 41
m 1 11
m 8 12
1 9 0
2 9 2
3 9 4
t 248 41
m 2 11
m 9 12
1 9 1
2 9 3
3 9 3
t 247 51
m 2 10
m 9 11
1 9 0
2 9 2
3 9 4
t 246 55
m 3 10
m 9 11
1 9 1
2 9 1
3 9 3
t 245 55
m 3 9
m 9 12
1 9 2
2 9 2
3 9 4
f 7 10
t 244 57
m 3 10
m 9 11
1 9 1
2 9 1
3 9 3
t 243 57
m 2 10
m 8 11
1 9 2
2 9 2
3 9 4
t 242 57
m 3 10
m 8 10
1 9 1
2 9 3
3 9 3
t 241 57
m 3 11
m 7 10
1 9 0
2 9 2
3 9 4
t 240 67
m 2 11
m 7 9
1 9 1
2 9 1
3 9 3
t 239 67
m 3 11
m 8 9
1 9 2
2 9 0
3 9 4
t 238 67
m 3 12
m 8 8
1 9 1
2 9 1
3 9 3
t 237 69
m 3 11
m 8 7
1 9 2
2 9 0
3 9 4
t 236 69
m 3 12
m 8 6
1 9 3
2 9 1
3 9 3
t 235 69
m 3 11
m 7 6
1 9 4
2 9 2
3 9 4
t 234 70
m 3 11
m 6 6
1 9 3
2 9 3
3 9 3
t 233 70
m 4 11
m 7 6
1 9 4
2 9 4
3 9 4
t 232 72
m 3 11
m 7 5
1 9 3
2 9 3
3 9 3
t 231 74
m 2 11
m 6 5
1 9 2
2 9 4
3 9 4
f 2 10
t 230 76
m 2 10
m 5 5
1 9 3
2 9 3
3 9 3
t 229 86
m 2 10
m 5 4
1 9 4
2 9 2
3 9 4
t 228 88
m 2 9
m 5 5
1 9 3
2 9 1
3 9 3
t 227 90
m 2 10
m 5 5
1 9 4
2 9 2
3 9 4
t 226 90
m 2 10
m 5 5
1 9 3
2 9 1
3 9 3
t 225 90
m 2 11
m 5 6
1 9 4
2 9 0
3 9 4
t 224 91
m 2 11
m 4 6
1 9 3
2 9 1
3 9 3
t 223 93
m 2 12
m 4 7
1 9 2
2 9 2
3 9 4
t 222 95
m 1 12
m 5 7
1 9 1
2 9 1
3 9 3
t 221 97
m 2 12
m 4 7
1 9 0
2 9 0
3 9 4
t 220 97
m 2 13
m 5 7
1 9 1
2 9 1
3 9 3
t 219 97
m 2 12
m 6 7
1 9 2
2 9 2
3 9 4
t 218 99
m 3 12
m 7 7
1 9 1
2 9 1
3 9 3
t 217 99
m 3 11
m 8 7
1 9 0
2 9 0
3 9 4
t 216 99
m 3 11
m 8 6
1 9 1
2 9 1
3 9 3
t 215 99
m 3 11
m 7 6
1 9 2
2 9 2
3 9 4
t 214 99
m 3 10
m 6 6
1 9 3
2 9 1
3 9 3
t 213 99
m 3 9
m 6 5
1 9 4
2 9 0
3 9 4
t 212 99
m 3 10
m 5 5
1 9 3
2 9 1
3 9 3
t 211 99
m 3 11
m 6 5
1 9 2
2 9 2
3 9 4
t 210 99
m 3 12
m 6 4
1 9 1
2 9 3
3 9 3
f 4 14
t 209 100
m 3 12
m 6 5
1 9 2
2 9 4
3 9 4
t 208 100
m 4 12
m 6 5
1 9 3
2 9 3
3 9 3
t 207 102
m 4 13
m 7 5
1 9 2
2 9 4
3 9 4
t 206 102
m 5 13
m 7 6
1 9 1
2 9 3
3 9 3
t 205 102
m 5 14
m 7 5
1 9 2
2 9 2
3 9 4
t 204 102
m 5 14
m 8 5
1 9 3
2 9 1
3 9 3
t 203 104
m 5 13
m 8 6
1 9 2
2 9 0
3 9 4
t 202 104
m 5 13
m 7 6
1 9 3
2 9 1
3 9 3
t 201 104
m 5 14
m 7 7
1 9 4
2 9 2
3 9 4
t 200 104
m 4 14
m 7 8
1 9 3
2 9 3
3 9 3
t 199 114
m 3 14
m 8 8
1 8 3
2 8 3
3 9 4
t 198 114
m 3 14
m 8 9
1 9 3
2 9 3
3 9 3
t 197 114
m 3 14
m 8 9
1 8 3
2 8 3
3 9 4
t 196 114
m 2 14
m 7 9
1 9 3
2 9 3
3 9 3
t 195 114
m 2 14
m 7 9
1 8 3
2 8 3
3 9 4
t 194 114
m 2 14
m 7 8
1 8 4
2 8 4
3 9 3
t 193 114
m 3 14
m 6 8
1 8 3
2 8 3
3 9 4
t 192 114
m 4 14
m 5 8
1 8 4
2 8 4
3 9 3
t 191 114
m 4 14
m 4 8
1 9 4
2 9 4
3 9 4
t 190 114
m 3 14
m 4 9
1 9 3
2 9 3
3 9 3
t 189 114
m 2 14
m 4 10
1 8 3
2 8 3
3 9 4
t 188 114
m 2 13
m 4 10
1 9 3
2 9 3
3 9 3
t 187 114
m 2 13
m 4 9
1 8 3
2 8 3
3 9 4
t 186 114
m 1 13
m 4 10
1 9 3
2 9 3
3 9 3
t 185 114
m 1 12
m 4 9
1 9 4
2 9 4
3 9 4
t 184 114
m 0 12
m 4 9
1 8 4
2 8 4
3 9 3
t 183 114
m 0 13
m 4 9
1 9 4
2 9 4
3 9 4
t 182 114
m 1 13
m 4 10
1 9 3
2 9 3
3 9 3
t 181 114
m 1 14
m 4 10
1 9 2
2 9 4
3 9 4
t 180 114
m 0 14
m 4 11
1 9 3
2 9 3
3 9 3
t 179 114
m 1 14
m 4 10
1 8 3
2 8 3
3 9 4
t 178 114
m 1 13
m 4 10
1 9 3
2 9 3
3 9 3
f 6 3
t 177 114
m 1 14
m 4 10
1 8 3
2 8 3
3 9 4
t 176 114
m 1 13
m 4 10
1 9 3
2 9 3
3 9 3
t 175 114
m 1 13
m 4 11
1 9 2
2 9 2
3 9 4
t 174 114
m 1 12
m 3 11
1 9 1
2 9 1
3 9 3
t 173 114
m 0 12
m 3 10
1 9 2
2 9 0
3 9 4
t 172 114
m 1 12
m 4 10
1 9 1
2 9 1
3 9 3
t 171 114
m 1 12
m 4 10
1 9 0
2 9 0
3 9 4
t 170 114
m 1 12
m 4 9
1 9 1
2 9 1
3 9 3
t 169 114
m 0 12
m 5 9
1 9 0
2 9 0
3 9 4
t 168 116
m 0 11
m 6 9
1 9 1
2 9 1
3 9 3
t 167 116
m 1 11
m 6 9
1 9 2
2 9 0
3 9 4
t 166 116
m 1 10
m 5 9
1 9 1
2 9 1
3 9 3
t 165 118
m 2 10
m 6 9
1 9 0
2 9 2
3 9 4
t 164 118
m 2 11
m 5 9
1 9 1
2 9 1
3 9 3
t 163 118
m 2 11
m 5 9
1 9 0
2 9 0
3 9 4
t 162 118
m 3 11
m 5 8
1 9 1
2 9 1
3 9 3
t 161 118
m 2 11
m 5 9
1 9 2
2 9 2
3 9 4
t 160 118
m 3 11
m 5 9
1 9 3
2 9 3
3 9 3
t 159 118
m 4 11
m 5 8
1 9 4
2 9 2
3 9 4
t 158 118
m 4 12
m 5 9
1 9 3
2 9 3
3 9 3
t 157 118
m 4 13
m 5 9
1 9 2
2 9 2
3 9 4
t 156 118
m 4 13
m 6 9
1 9 1
2 9 1
3 9 3
t 155 118
m 4 12
m 6 8
1 9 2
2 9 0
3 9 4
t 154 118
m 3 12
m 6 7
1 9 1
2 9 1
3 9 3
t 153 118
m 3 13
m 6 6
1 9 0
2 9 2
3 9 4
t 152 118
m 3 12
m 6 5
1 9 1
2 9 1
3 9 3
t 151 118
m 3 12
m 6 5
1 9 2
2 9 0
3 9 4
t 150 118
m 3 13
m 6 5
1 9 1
2 9 1
3 9 3
t 149 118
m 3 13
m 6 4
1 9 0
2 9 2
3 9 4
t 148 118
m 4 13
m 6 3
1 9 1
2 9 3
3 9 3
t 147 128
m 5 13
m 7 3
1 9 2
2 9 2
3 9 4
t 146 128
m 6 13
m 8 3
1 9 3
2 9 1
3 9 3
t 145 130
m 6 14
m 7 3
1 9 4
2 9 0
3 9 4
t 144 130
m 6 14
m 7 3
1 9 3
2 9 1
3 9 3
t 143 130
m 6 14
m 8 3
1 9 2
2 9 2
3 9 4
t 142 130
m 6 14
m 8 2
1 9 3
2 9 3
3 9 3
t 141 131
m 6 14
m 8 2
1 9 4
2 9 4
3 9 4
t 140 131
m 6 14
m 8 2
1 9 3
2 9 3
3 9 3
t 139 131
m 5 14
m 8 2
1 8 3
2 8 3
3 9 4
t 138 131
m 6 14
m 9 2
1 9 3
2 9 3
3 9 3
t 137 131
m 6 14
m 9 1
1 8 3
2 8 3
3 9 4
t 136 133
m 6 14
m 8 1
1 9 3
2 9 3
3 9 3
f 6 1
t 135 135
m 6 14
m 7 1
1 8 3
2 8 3
3 9 4
t 134 137
m 7 14
m 6 1
1 8 4
2 8 4
3 9 3
t 133 147
m 7 14
m 5 1
1 8 3
2 8 3
3 9 4
t 132 149
m 6 14
m 5 0
1 8 4
2 8 4
3 9 3
t 131 149
m 5 14
m 4 0
1 8 3
2 8 3
3 9 4
t 130 149
m 6 14
m 4 1
1 9 3
2 9 3
3 9 3
t 129 150
m 5 14
m 4 0
1 9 4
2 9 4
3 9 4
t 128 150
m 4 14
m 4 0
1 8 4
2 8 4
3 9 3
t 127 150
m 3 14
m 5 0
1 8 3
2 8 3
3 9 4
t 126 150
m 2 14
m 4 0
1 8 4
2 8 4
3 9 3
t 125 150
m 3 14
m 4 1
1 9 4
2 9 4
3 9 4
t 124 150
m 3 13
m 5 1
1 9 3
2 9 3
3 9 3
t 123 150
m 4 13
m 4 1
1 8 3
2 8 3
3 9 4
t 122 150
m 5 13
m 4 0
1 8 4
2 8 4
3 9 3
t 121 150
m 6 13
m 3 0
1 9 4
2 9 4
3 9 4
t 120 150
m 6 14
m 3 0
1 8 4
2 8 4
3 9 3
t 119 150
m 6 14
m 4 0
1 8 3
2 8 3
3 9 4
t 118 150
m 5 14
m 4 1
1 9 3
2 9 3
3 9 3
t 117 150
m 4 14
m 4 0
1 8 3
2 8 3
3 9 4
t 116 150
m 5 14
m 5 0
1 8 4
2 8 4
3 9 3
t 115 150
m 6 14
m 4 0
1 9 4
2 9 4
3 9 4
t 114 150
m 5 14
m 5 0
1 8 4
2 8 4
3 9 3
t 113 150
m 5 14
m 5 1
1 9 4
2 9 4
3 9 4
t 112 150
m 4 14
m 5 1
1 8 4
2 8 4
3 9 3
t 111 150
m 4 14
m 5 0
1 8 3
2 8 3
3 9 4
t 110 150
m 4 14
m 4 0
1 9 3
2 9 3
3 9 3
t 109 150
m 4 13
m 4 0
1 9 2
2 9 4
3 9 4
t 108 150
m 4 14
m 4 1
1 9 1
2 9 3
3 9 3
t 107 150
m 4 13
m 4 0
1 9 0
2 9 4
3 9 4
t 106 150
m 4 14
m 4 1
1 9 1
2 9 3
3 9 3
t 105 150
m 5 14
m 4 0
1 9 2
2 9 2
3 9 4
t 104 150
m 5 14
m 4 1
1 9 3
2 9 3
3 9 3
t 103 150
m 6 14
m 4 1
1 9 2
2 9 4
3 9 4
t 102 150
m 6 13
m 4 0
1 9 3
2 9 3
3 9 3
f 3 12
t 101 150
m 5 13
m 4 0
1 9 4
2 9 4
3 9 4
t 100 150
m 5 12
m 4 0
1 9 3
2 9 3
3 9 3
t 99 152
m 4 12
m 5 0
1 8 3
2 8 3
3 9 4
t 98 152
m 4 12
m 5 0
1 8 4
2 8 4
3 9 3
t 97 152
m 4 12
m 5 1
1 8 3
2 8 3
3 9 4
t 96 152
m 5 12
m 4 1
1 9 3
2 9 3
3 9 3
t 95 152
m 5 12
m 4 1
1 9 2
2 9 2
3 9 4
t 94 152
m 4 12
m 4 1
1 9 3
2 9 3
3 9 3
t 93 152
m 3 12
m 4 0
1 9 2
2 9 4
3 9 4
t 92 162
m 3 11
m 5 0
1 9 3
2 9 3
3 9 3
t 91 162
m 4 11
m 4 0
1 9 4
2 9 2
3 9 4
t 90 162
m 4 12
m 4 0
1 9 3
2 9 3
3 9 3
t 89 162
m 5 12
m 3 0
1 9 4
2 9 2
3 9 4
t 88 162
m 6 12
m 2 0
1 9 3
2 9 3
3 9 3
t 87 164
m 6 13
m 2 0
1 9 2
2 9 2
3 9 4
t 86 164
m 6 13
m 2 1
1 9 3
2 9 3
3 9 3
t 85 164
m 6 14
m 2 0
1 9 4
2 9 2
3 9 4
t 84 164
m 6 13
m 3 0
1 9 3
2 9 1
3 9 3
t 83 164
m 6 13
m 3 0
1 9 2
2 9 0
3 9 4
t 82 164
m 6 13
m 3 0
1 9 1
2 9 1
3 9 3
t 81 164
m 7 13
m 2 0
1 9 2
2 9 2
3 9 4
t 80 164
m 7 14
m 1 0
1 9 3
2 9 1
3 9 3
t 79 164
m 7 13
m 2 0
1 9 4
2 9 0
3 9 4
t 78 164
m 7 13
m 2 1
1 9 3
2 9 1
3 9 3
t 77 164
m 7 12
m 2 0
1 9 2
2 9 0
3 9 4
t 76 164
m 8 12
m 1 0
1 9 3
2 9 1
3 9 3
t 75 164
m 9 12
m 1 0
1 9 2
2 9 0
3 9 4
t 74 164
m 9 13
m 1 1
1 9 1
2 9 1
3 9 3
f 5 9
t 73 164
m 9 14
m 1 2
1 9 0
2 9 2
3 9 4
t 72 168
m 9 13
m 1 2
1 9 1
2 9 3
3 9 3
t 71 168
m 9 12
m 1 1
1 9 0
2 9 4
3 9 4
t 70 168
m 9 11
m 1 1
1 9 1
2 9 3
3 9 3
t 69 168
m 8 11
m 1 2
1 9 2
2 9 4
3 9 4
t 68 168
m 8 10
m 1 3
1 9 3
2 9 3
3 9 3
t 67 168
m 7 10
m 1 3
1 9 2
2 9 2
3 9 4
t 66 168
m 7 9
m 1 4
1 9 3
2 9 3
3 9 3
t 65 170
m 6 9
m 2 4
1 9 2
2 9 4
3 9 4
t 64 170
m 5 9
m 2 5
1 9 1
2 9 3
3 9 3
t 63 180
m 6 9
m 1 5
1 9 0
2 9 2
3 9 4
t 62 181
m 5 9
m 1 4
1 9 1
2 9 3
3 9 3
t 61 181
m 4 9
m 1 3
1 9 2
2 9 4
3 9 4
t 60 181
m 3 9
m 1 4
1 9 3
2 9 3
3 9 3
t 59 181
m 3 10
m 1 5
1 9 2
2 9 2
3 9 4
t 58 181
m 2 10
m 2 5
1 9 3
2 9 3
3 9 3
t 57 181
m 2 9
m 2 6
1 9 4
2 9 4
3 9 4
t 56 183
m 1 9
m 3 6
1 9 3
2 9 3
3 9 3
t 55 183
m 1 9
m 4 6
1 9 2
2 9 4
3 9 4
t 54 183
m 1 8
m 4 7
1 9 1
2 9 3
3 9 3
t 53 183
m 1 9
m 5 7
1 9 0
2 9 4
3 9 4
t 52 183
m 1 9
m 4 7
1 9 1
2 9 3
3 9 3
t 51 183
m 1 8
m 4 7
1 9 0
2 9 2
3 9 4
t 50 183
m 1 9
m 5 7
1 9 1
2 9 3
3 9 3
t 49 183
m 1 10
m 5 6
1 9 0
2 9 2
3 9 4
f 5 4
t 48 183
m 0 10
m 5 5
1 9 1
2 9 3
3 9 3
t 47 185
m 1 10
m 5 4
1 9 0
2 9 2
3 9 4
t 46 195
m 0 10
m 5 4
1 9 1
2 9 3
3 9 3
t 45 195
m 0 10
m 6 4
1 9 0
2 9 2
3 9 4
t 44 195
m 1 10
m 5 4
1 9 1
2 9 1
3 9 3
t 43 195
m 1 9
m 5 3
1 9 0
2 9 2
3 9 4
t 42 195
m 1 10
m 6 3
1 9 1
2 9 3
3 9 3
t 41 195
m 1 10
m 5 3
1 9 0
2 9 4
3 9 4
f 5 5
t 40 195
m 2 10
m 5 3
1 9 1
2 9 3
3 9 3
t 39 195
m 1 10
m 5 3
1 9 2
2 9 4
3 9 4
t 38 195
m 2 10
m 5 4
1 9 1
2 9 3
3 9 3
t 37 195
m 1 10
m 5 5
1 9 0
2 9 4
3 9 4
t 36 205
m 1 10
m 5 5
1 9 1
2 9 3
3 9 3
f 2 14
t 35 205
m 1 9
m 5 6
1 9 2
2 9 4
3 9 4
t 34 205
m 0 9
m 4 6
1 9 1
2 9 3
3 9 3
t 33 205
m 1 9
m 4 6
1 9 0
2 9 4
3 9 4
t 32 205
m 0 9
m 4 6
1 9 1
2 9 3
3 9 3
t 31 205
m 0 9
m 4 6
1 9 0
2 9 4
3 9 4
t 30 205
m 0 10
m 3 6
1 9 1
2 9 3
3 9 3
t 29 205
m 0 9
m 2 6
1 9 0
2 9 4
3 9 4
t 28 205
m 0 8
m 3 6
1 9 1
2 9 3
3 9 3
t 27 207
m 0 8
m 3 5
1 9 0
2 9 4
3 9 4
t 26 209
m 0 8
m 3 5
1 9 1
2 9 3
3 9 3
t 25 209
m 0 7
m 3 4
1 9 2
2 9 4
3 9 4
t 24 210
m 0 6
m 2 4
1 9 1
2 9 3
3 9 3
t 23 210
m 1 6
m 2 4
1 9 0
2 9 2
3 9 4
t 22 210
m 1 5
m 2 4
1 9 1
2 9 3
3 9 3
t 21 210
m 2 5
m 2 5
1 9 2
2 9 2
3 9 4
t 20 210
m 1 5
m 2 6
1 9 3
2 9 3
3 9 3
t 19 210
m 2 5
m 2 6
1 9 2
2 9 2
3 9 4
t 18 210
m 3 5
m 1 6
1 9 1
2 9 1
3 9 3
t 17 210
m 2 5
m 1 6
1 9 0
2 9 0
3 9 4
t 16 210
m 2 4
m 2 6
1 9 1
2 9 1
3 9 3
t 15 210
m 2 5
m 1 6
1 9 2
2 9 0
3 9 4
t 14 210
m 2 5
m 2 6
1 9 1
2 9 1
3 9 3
t 13 210
m 2 5
m 2 6
1 9 0
2 9 0
3 9 4
t 12 210
m 2 4
m 3 6
1 9 1
2 9 1
3 9 3
t 11 210
m 2 4
m 3 5
1 9 0
2 9 0
3 9 4
t 10 210
m 2 4
m 2 5
1 9 1
2 9 1
3 9 3
t 9 210
m 2 4
m 1 5
1 9 2
2 9 0
3 9 4
t 8 210
m 2 5
m 1 6
1 9 3
2 9 1
3 9 3
t 7 210
m 3 5
m 2 6
1 9 2
2 9 2
3 9 4
t 6 210
m 3 4
m 2 5
1 9 3
2 9 3
3 9 3
t 5 210
m 3 5
m 2 5
1 9 2
2 9 2
3 9 4
t 4 210
m 3 5
m 2 5
1 9 3
2 9 3
3 9 3
t 3 210
m 3 6
m 3 5
1 9 4
2 9 4
3 9 4
t 2 210
m 3 6
m 3 4
1 9 3
2 9 3
3 9 3
t 1 210
m 4 6
m 3 3
1 9 2
2 9 2
3 9 4
t 0 212
